241.010 -5.63088
241.063 -1.88315
241.116 16.70155
241.170 13.63418
241.223 -22.20694
241.276 -3.16337
241.329 -12.66045
241.382 7.72323
241.435 17.77188
241.488 -8.05443
241.541 -2.93676
241.594 4.99932
241.647 -5.08658
241.700 -10.68570
241.753 12.37316
241.806 -4.08778
241.859 1.73276
241.911 10.52294
241.964 -2.29552
242.017 27.30396
242.070 -0.00598
242.123 6.68385
242.175 -6.97204
242.228 -2.39242
242.281 0.05126
242.333 6.42982
242.386 -1.22090
242.439 -8.52612
242.491 -2.50437
242.544 -1.53603
242.596 -0.00167
242.649 4.87220
242.701 8.22380
242.754 24.92509
242.806 11.42975
242.859 10.09910
242.911 -3.28784
242.964 4.59059
243.016 16.29473
243.068 1.96403
243.121 2.92432
243.173 -0.94042
243.225 5.97012
243.278 -2.57279
243.330 0.67343
243.382 -6.32370
243.434 -3.86300
243.486 0.30625
243.539 -1.37010
243.591 -1.31993
243.643 6.64474
243.695 -0.32026
243.747 -0.03547
243.799 10.43589
243.851 -2.47781
243.903 3.19976
243.955 -2.67884
244.007 5.92415
244.059 4.43301
244.111 -5.21677
244.163 4.70306
244.215 3.39896
244.267 0.11770
244.319 12.38697
244.371 1.88610
244.422 -2.72689
244.474 12.32702
244.526 9.43647
244.578 8.98082
244.629 11.69466
244.681 1.33205
244.733 16.18931
244.785 8.91573
244.836 -8.43500
244.888 3.71516
244.940 6.74111
244.991 7.24655
245.043 3.77300
245.094 6.80929
245.146 -3.26579
245.197 -5.25000
245.249 4.57795
245.300 21.35102
245.352 15.80421
245.403 0.43858
245.455 6.80604
245.506 4.93817
245.558 2.94241
245.609 15.76266
245.660 9.60602
245.712 4.06921
245.763 4.02777
245.814 -0.68449
245.865 0.50947
245.917 0.96408
245.968 -4.16419
246.019 6.05320
246.070 4.00924
246.122 -8.03194
246.173 -3.86380
246.224 0.06432
246.275 -3.59343
246.326 5.22868
246.377 -0.65286
246.428 4.41505
246.479 10.11357
246.530 -3.17564
246.581 -4.59110
246.632 -1.69423
246.683 -2.79346
246.734 -4.09828
246.785 -0.91062
246.836 8.22153
246.887 7.26106
246.938 9.71154
246.989 4.00358
247.040 1.35197
247.091 0.88198
247.142 0.46432
247.192 -0.12845
247.243 0.17054
247.294 -0.90554
247.345 4.67845
247.395 4.40350
247.446 -5.90229
247.497 -0.72184
247.548 2.10660
247.598 5.36656
247.649 2.07854
247.699 1.75741
247.750 -1.95967
247.801 -1.61882
247.851 3.93564
247.902 1.73947
247.952 0.69214
248.003 7.99008
248.053 -0.66699
248.104 3.55438
248.154 4.67039
248.205 8.11743
248.255 12.00930
248.306 1.06938
248.356 0.08239
248.407 -1.73305
248.457 0.02094
248.507 -5.17445
248.558 5.83769
248.608 9.15212
248.658 -3.50220
248.709 4.05364
248.759 1.04728
248.809 -3.63293
248.860 -1.92010
248.910 3.38102
248.960 -1.93989
249.010 -1.98431
249.060 -5.77307
249.111 -3.59658
249.161 2.58278
249.211 5.63448
249.261 0.17180
249.311 7.67095
249.361 10.76813
249.411 -1.68751
249.461 -0.48445
249.511 0.28026
249.561 -1.72878
249.611 -2.38242
249.661 2.11622
249.711 3.96221
249.761 1.91246
249.811 1.71144
249.861 4.82067
249.911 -0.58933
249.961 -2.22078
250.011 0.87807
250.061 4.45225
250.111 -0.61834
250.161 -3.01449
250.211 6.56108
250.260 16.86788
250.310 -1.67734
250.360 2.01298
250.410 -0.99486
250.459 0.76959
250.509 1.84239
250.559 -2.20621
250.609 0.64776
250.658 -2.03786
250.708 3.81161
250.758 -0.01516
250.807 0.63168
250.857 -1.03755
250.907 -3.43324
250.956 -2.70587
251.006 1.19583
251.056 5.76882
251.105 -0.56102
251.155 1.74763
251.204 1.86773
251.254 0.09107
251.303 2.03577
251.353 2.56860
251.402 11.77216
251.452 20.63636
251.501 4.55837
251.551 1.30871
251.600 -0.32795
251.650 -0.31268
251.699 -0.94587
251.748 -1.20639
251.798 -0.28305
251.847 1.88399
251.897 1.04203
251.946 0.39197
251.995 -2.66426
252.045 -1.90125
252.094 -0.26302
252.143 -3.43853
252.192 2.04648
252.242 3.65696
252.291 -0.04613
252.340 2.49269
252.389 2.04269
252.439 -3.81659
252.488 1.08545
252.537 1.67486
252.586 -1.98543
252.635 -0.67376
252.684 -1.20626
252.734 -1.70431
252.783 0.82821
252.832 3.85347
252.881 6.72729
252.930 1.53956
252.979 -0.54301
253.028 2.18466
253.077 2.63958
253.126 -0.77178
253.175 -3.50918
253.224 0.33637
253.273 5.20800
253.322 5.18581
253.371 2.61257
253.420 -3.44252
253.469 -1.17421
253.518 4.59774
253.567 2.08285
253.616 0.34459
253.665 -3.66395
253.714 -1.56232
253.763 1.61489
253.812 4.29825
253.860 -0.52202
253.909 -3.74311
253.958 -0.11322
254.007 0.14781
254.056 -0.25669
254.104 7.00822
254.153 6.69559
254.202 3.07288
254.251 4.26942
254.300 4.82951
254.348 1.93696
254.397 -1.36655
254.446 3.66197
254.494 3.28752
254.543 1.41961
254.592 -0.23892
254.641 1.65207
254.689 0.42167
254.738 1.52405
254.786 3.60778
254.835 4.37483
254.884 3.64164
254.932 2.08063
254.981 1.78592
255.029 1.51856
255.078 3.68350
255.127 2.23831
255.175 -1.23749
255.224 0.16540
255.272 1.25584
255.321 1.28365
255.369 -0.07250
255.418 -1.09561
255.466 6.14599
255.515 6.93362
255.563 2.51701
255.612 0.55244
255.660 -0.12285
255.709 2.20239
255.757 -0.51884
255.805 2.47364
255.854 2.91741
255.902 -1.73814
255.951 1.59930
255.999 4.16674
256.047 -1.58860
256.096 -2.24865
256.144 0.61178
256.192 -0.69049
256.241 2.10567
256.289 0.16494
256.337 -2.43142
256.386 1.17793
256.434 3.50722
256.482 3.39347
256.530 2.95316
256.579 0.35129
256.627 0.52408
256.675 3.48723
256.723 1.30051
256.772 -0.38056
256.820 -0.85624
256.868 0.04516
256.916 4.94059
256.964 1.98753
257.013 -2.39956
257.061 -0.77102
257.109 -0.59321
257.157 -0.59314
257.205 1.94140
257.253 3.34400
257.301 2.44858
257.350 1.71472
257.398 -1.45047
257.446 0.24485
257.494 0.22247
257.542 -1.43652
257.590 5.00623
257.638 9.39254
257.686 3.62785
257.734 0.12211
257.782 -1.48627
257.830 -0.91926
257.878 -1.70489
257.926 0.24459
257.974 3.30661
258.022 2.59441
258.070 1.27291
258.118 0.61411
258.166 3.45356
258.214 1.61526
258.262 -0.10094
258.310 2.16589
258.358 2.45996
258.406 1.28769
258.454 -1.29590
258.501 -1.05131
258.549 1.04674
258.597 1.08427
258.645 -1.21249
258.693 -0.21947
258.741 -0.27866
258.789 -1.26339
258.837 -1.42510
258.884 -0.63864
258.932 -0.70688
258.980 -3.41508
259.028 -1.75656
259.076 -0.23053
259.123 -0.76500
259.171 0.75051
259.219 -0.83575
259.267 0.02156
259.315 2.23724
259.362 -1.20757
259.410 -1.61120
259.458 5.03034
259.506 2.72653
259.553 -3.12347
259.601 2.63682
259.649 6.06318
259.696 2.57783
259.744 0.94924
259.792 1.45880
259.840 0.78365
259.887 -0.53421
259.935 4.74701
259.983 6.26196
260.030 1.06806
260.078 -0.40086
260.125 0.43874
260.173 2.40307
260.221 4.19975
260.268 1.89525
260.316 0.01042
260.364 0.97406
260.411 -0.77267
260.459 -2.60095
260.506 -1.33826
260.554 1.32169
260.602 3.45795
260.649 1.62658
260.697 -1.07512
260.744 -0.86011
260.792 0.34456
260.839 0.39580
260.887 0.80242
260.934 -0.76285
260.982 -1.18838
261.029 0.97608
261.077 1.02588
261.124 1.78836
261.172 2.68922
261.219 1.00819
261.267 -0.39169
261.314 -0.05161
261.362 2.60003
261.409 1.26756
261.457 -0.03592
261.504 0.42626
261.552 -0.62567
261.599 1.40132
261.647 2.64547
261.694 0.57650
261.741 -0.87758
261.789 -0.71264
261.836 -1.01546
261.884 0.31241
261.931 0.39849
261.978 -0.55458
262.026 -0.21975
262.073 -0.38771
262.121 -0.09738
262.168 0.31992
262.215 0.03664
262.263 -1.22398
262.310 0.06405
262.357 0.51621
262.405 0.93710
262.452 0.90830
262.499 0.03233
262.547 0.86270
262.594 -0.75282
262.641 -0.14521
262.689 3.75074
262.736 2.65516
262.783 -0.31581
262.831 -0.43088
262.878 -0.77002
262.925 1.28431
262.972 2.91717
263.020 2.63997
263.067 1.23231
263.114 1.41054
263.161 1.66589
263.209 0.99245
263.256 2.02739
263.303 3.15672
263.350 1.30525
263.398 1.77075
263.445 1.10798
263.492 -2.02711
263.539 0.63194
263.587 2.87082
263.634 1.13585
263.681 0.12359
263.728 -1.13325
263.775 -1.40252
263.823 1.48280
263.870 -0.70722
263.917 -1.81003
263.964 1.83261
264.011 3.04264
264.058 2.25152
264.106 0.54192
264.153 -0.91801
264.200 -0.08461
264.247 1.21759
264.294 -0.50921
264.341 -0.55214
264.389 0.77968
264.436 1.71903
264.483 0.04451
264.530 1.39003
264.577 2.43228
264.624 0.21872
264.671 -0.25291
264.718 0.20904
264.766 -0.33160
264.813 1.06478
264.860 0.82206
264.907 1.58818
264.954 -0.51629
265.001 0.11976
265.048 1.05692
265.095 4.82313
265.142 3.57816
265.189 0.41600
265.236 4.34768
265.283 3.32036
265.331 1.21843
265.378 1.76374
265.425 0.72459
265.472 -1.44947
265.519 0.24249
265.566 0.85588
265.613 -1.82207
265.660 1.60432
265.707 1.41680
265.754 1.09416
265.801 2.61482
265.848 0.55396
265.895 -1.90928
265.942 -1.29555
265.989 1.20114
266.036 -0.73104
266.083 0.74428
266.130 1.00296
266.177 2.74029
266.224 3.30874
266.271 1.07631
266.318 0.74605
266.365 1.77651
266.412 2.28364
266.459 0.07645
266.506 -1.13297
266.553 2.52575
266.600 1.97139
266.647 -0.65748
266.694 1.29217
266.741 4.30243
266.788 1.73107
266.835 0.74009
266.882 -1.20135
266.929 1.90034
266.976 1.44602
267.023 1.80985
267.070 3.27671
267.117 2.12505
267.163 -0.25491
267.210 -0.38874
267.257 1.36542
267.304 0.96643
267.351 0.11916
267.398 1.94636
267.445 0.57182
267.492 -2.07190
267.539 -1.35553
267.586 -0.83646
267.633 2.10496
267.680 1.78279
267.727 0.04043
267.773 0.94862
267.820 0.80168
267.867 0.69138
267.914 -0.38907
267.961 -0.60366
268.008 3.03960
268.055 3.93151
268.102 2.51182
268.149 0.32811
268.196 0.03097
268.242 0.46443
268.289 1.12461
268.336 0.39514
268.383 2.18716
268.430 1.38548
268.477 0.44764
268.524 1.74788
268.571 0.39223
268.618 0.17422
268.664 2.65867
268.711 0.22818
268.758 1.08253
268.805 0.65206
268.852 -1.81698
268.899 0.87203
268.946 3.06851
268.993 1.66811
269.039 1.35153
269.086 -0.38219
269.133 0.88997
269.180 3.67037
269.227 -0.33556
269.274 0.62979
269.321 1.75195
269.367 4.71326
269.414 3.31964
269.461 1.79938
269.508 1.76212
269.555 1.23108
269.602 0.20848
269.648 -0.79905
269.695 0.54735
269.742 1.21456
269.789 -0.74582
269.836 -1.22618
269.883 4.16736
269.930 3.14641
269.976 1.95731
270.023 1.60227
270.070 0.55079
270.117 -0.87009
270.164 3.48584
270.211 4.37886
270.257 1.02673
270.304 -0.44814
270.351 -2.25755
270.398 -0.96942
270.445 3.10395
270.492 3.02338
270.538 0.03893
270.585 -2.00031
270.632 4.05584
270.679 1.86526
270.726 -0.51327
270.772 1.96160
270.819 2.48408
270.866 6.37100
270.913 2.51010
270.960 -0.37714
271.007 -0.44863
271.053 0.54884
271.100 1.30749
271.147 0.13871
271.194 1.86429
271.241 -0.02026
271.288 -0.16220
271.334 0.89631
271.381 1.89089
271.428 0.52594
271.475 -0.04876
271.522 0.98657
271.568 0.51517
271.615 -1.54875
271.662 -1.24657
271.709 -0.81216
271.756 1.74158
271.802 0.54679
271.849 -0.36002
271.896 0.91969
271.943 0.85373
271.990 -0.13765
272.037 -0.67806
272.083 1.94321
272.130 2.00999
272.177 1.24211
272.224 2.17743
272.271 1.91017
272.317 -0.06343
272.364 0.02796
272.411 4.49510
272.458 4.47864
272.505 3.74718
272.552 3.12625
272.598 0.72174
272.645 -0.92890
272.692 2.27920
272.739 1.43565
272.786 2.02233
272.832 0.64750
272.879 0.31327
272.926 0.87476
272.973 0.37764
273.020 0.29030
273.067 0.96515
273.113 -0.47269
273.160 0.30696
273.207 0.50087
273.254 -0.83363
273.301 0.51348
273.347 0.48053
273.394 -0.58636
273.441 -0.01152
273.488 4.65645
273.535 2.10321
273.582 0.00402
273.628 2.95265
273.675 -0.00404
273.722 0.95156
273.769 3.73060
273.816 1.36988
273.863 0.61491
273.909 0.45087
273.956 3.00627
274.003 1.01197
274.050 -1.77319
274.097 1.44824
274.144 -0.20313
274.190 -1.32562
274.237 0.16595
274.284 -0.85366
274.331 0.14906
274.378 2.63170
274.425 0.54782
274.471 1.41635
274.518 3.53846
274.565 2.35935
274.612 -0.78164
274.659 0.89142
274.706 0.04615
274.753 0.35135
274.799 2.56392
274.846 0.89561
274.893 0.82980
274.940 1.14336
274.987 2.66989
275.034 3.01909
275.081 0.79083
275.127 1.28966
275.174 1.09171
275.221 0.30643
275.268 3.39822
275.315 3.72484
275.362 1.55512
275.409 1.00867
275.455 -0.15731
275.502 0.61194
275.549 1.75572
275.596 1.90607
275.643 1.18467
275.690 1.66953
275.737 1.85035
275.784 1.71414
275.830 0.38001
275.877 -0.43650
275.924 -0.12557
275.971 1.83453
276.018 0.77695
276.065 0.19068
276.112 1.27358
276.159 0.16620
276.206 0.05016
276.252 -0.75559
276.299 0.27447
276.346 1.35171
276.393 0.44856
276.440 0.10681
276.487 1.43650
276.534 -0.32856
276.581 2.54038
276.628 1.41795
276.675 0.05704
276.721 0.34277
276.768 1.26706
276.815 1.04179
276.862 1.92029
276.909 -0.44827
276.956 0.59220
277.003 2.39831
277.050 1.83789
277.097 -0.26094
277.144 1.72033
277.191 2.39187
277.238 1.30296
277.285 -0.26118
277.332 -0.75525
277.379 -1.83853
277.425 0.36959
277.472 1.94635
277.519 2.99053
277.566 1.71523
277.613 1.81002
277.660 -0.99420
277.707 -1.21037
277.754 -0.28376
277.801 -0.61915
277.848 -1.34117
277.895 0.72532
277.942 1.76007
277.989 -0.10628
278.036 -0.61481
278.083 2.18043
278.130 2.21915
278.177 -0.32326
278.224 -0.32924
278.271 1.16422
278.318 1.62809
278.365 2.35780
278.412 1.22052
278.459 0.65936
278.506 -0.23457
278.553 -1.16912
278.600 0.03370
278.647 1.19815
278.694 2.29234
278.741 1.16423
278.788 -0.34171
278.835 0.43768
278.882 1.06970
278.929 -0.05676
278.976 1.49639
279.023 1.07703
279.070 0.99553
279.117 2.30905
279.164 2.23661
279.211 2.28657
279.258 1.28218
279.305 -0.51767
279.352 0.11249
279.399 1.52386
279.446 0.47995
279.493 2.29176
279.541 1.39432
279.588 0.75005
279.635 0.51813
279.682 2.22092
279.729 1.32245
279.776 -0.05279
279.823 0.21921
279.870 -0.22360
279.917 1.95284
279.964 0.15520
280.011 -0.07175
280.058 1.10045
280.105 1.32548
280.153 2.67795
280.200 0.02067
280.247 0.66628
280.294 1.60128
280.341 0.40225
280.388 0.84640
280.435 1.24790
280.482 0.60891
280.530 0.42563
280.577 0.82897
280.624 0.70785
280.671 0.67219
280.718 4.46746
280.765 2.30944
280.812 1.67387
280.859 2.08405
280.907 0.69805
280.954 1.07601
281.001 2.28106
281.048 1.69263
281.095 -0.24714
281.142 -0.44253
281.190 -0.63579
281.237 1.39025
281.284 1.51082
281.331 0.78487
281.378 1.03656
281.425 3.40149
281.473 1.05997
281.520 -0.40070
281.567 1.88417
281.614 2.59326
281.661 2.93080
281.709 1.54316
281.756 2.24016
281.803 0.52852
281.850 -0.17344
281.898 2.92399
281.945 1.61218
281.992 0.58773
282.039 0.87769
282.086 1.89398
282.134 1.59589
282.181 -0.23637
282.228 0.53347
282.275 1.27614
282.323 0.24222
282.370 -1.14304
282.417 0.33213
282.464 0.16658
282.512 -0.58655
282.559 1.19999
282.606 -0.33772
282.654 -0.00113
282.701 -0.34640
282.748 -0.16667
282.795 0.33688
282.843 1.14198
282.890 1.94427
282.937 0.15921
282.985 -1.26544
283.032 0.51587
283.079 1.09687
283.127 -0.19070
283.174 0.42729
283.221 0.43119
283.269 -0.55380
283.316 0.63053
283.363 -0.41773
283.411 0.81279
283.458 0.91964
283.505 0.95869
283.553 1.29584
283.600 0.62208
283.647 -0.06384
283.695 2.55032
283.742 3.07445
283.789 1.04811
283.837 1.14120
283.884 1.16080
283.932 -0.22865
283.979 0.58294
284.026 0.10494
284.074 1.59366
284.121 1.07589
284.169 1.73685
284.216 0.66932
284.263 1.02288
284.311 0.76162
284.358 3.69317
284.406 2.70312
284.453 0.98184
284.501 1.53954
284.548 1.45441
284.595 0.98868
284.643 0.33272
284.690 0.73329
284.738 0.65191
284.785 0.19345
284.833 -0.06576
284.880 0.35861
284.928 -0.16275
284.975 1.14453
285.023 0.93516
285.070 0.70234
285.118 0.47889
285.165 -0.16479
285.213 0.47476
285.260 0.09533
285.308 0.21814
285.355 -0.14174
285.403 0.78155
285.450 -0.21446
285.498 1.67659
285.545 2.00818
285.593 -0.28464
285.640 1.24277
285.688 -0.13338
285.735 2.62161
285.783 6.32848
285.830 2.34882
285.878 -0.45521
285.926 0.09896
285.973 0.14296
286.021 1.84074
286.068 1.48800
286.116 1.86920
286.163 1.60509
286.211 2.14647
286.259 0.18189
286.306 1.45796
286.354 1.75660
286.401 3.10099
286.449 2.15534
286.497 1.09512
286.544 1.01763
286.592 0.42083
286.639 0.70644
286.687 0.76236
286.735 0.30241
286.782 2.09807
286.830 1.75084
286.878 1.70431
286.925 0.34890
286.973 1.41813
287.021 1.07654
287.068 0.06323
287.116 1.50425
287.164 2.54496
287.211 0.79023
287.259 2.27019
287.307 1.35580
287.354 0.44138
287.402 0.09629
287.450 0.88597
287.498 0.58555
287.545 -0.22410
287.593 1.15630
287.641 1.13655
287.688 3.33415
287.736 1.73176
287.784 1.20418
287.832 1.46007
287.879 1.11737
287.927 1.49506
287.975 3.77627
288.023 2.04552
288.070 0.80455
288.118 1.91425
288.166 1.48973
288.214 0.98608
288.262 5.55002
288.309 2.68878
288.357 0.23214
288.405 1.92177
288.453 1.49277
288.501 0.58332
288.548 1.44694
288.596 1.36460
288.644 0.85379
288.692 2.47843
288.740 1.26392
288.788 0.84152
288.835 -0.04419
288.883 0.83162
288.931 1.35213
288.979 0.74529
289.027 -0.20900
289.075 2.15802
289.123 3.00210
289.170 1.58312
289.218 1.58366
289.266 1.67824
289.314 2.34348
289.362 1.68323
289.410 1.47463
289.458 0.28118
289.506 -0.57963
289.554 1.96247
289.602 1.79344
289.649 1.32886
289.697 1.57042
289.745 0.48408
289.793 1.74348
289.841 0.57317
289.889 0.90240
289.937 0.99623
289.985 0.57045
290.033 1.03281
290.081 2.20509
290.129 5.63281
290.177 1.63412
290.225 2.12455
290.273 2.66373
290.321 2.72482
290.369 2.09231
290.417 0.72744
290.465 1.55675
290.513 1.17456
290.561 0.78081
290.609 2.23855
290.657 3.66190
290.705 2.09380
290.753 1.57841
290.801 1.62843
290.849 0.08616
290.897 0.60734
290.945 0.66110
290.993 2.01559
291.041 1.18067
291.090 0.51345
291.138 0.96662
291.186 0.05531
291.234 1.13033
291.282 1.25948
291.330 0.31858
291.378 1.30688
291.426 1.80746
291.474 1.21085
291.522 0.15507
291.571 -0.86794
291.619 1.89083
291.667 1.93357
291.715 0.40974
291.763 0.50244
291.811 1.47687
291.859 0.73301
291.908 2.21678
291.956 2.63680
292.004 0.86625
292.052 1.47112
292.100 0.55093
292.148 0.42102
292.197 2.50783
292.245 1.23283
292.293 1.12289
292.341 2.67732
292.389 2.12738
292.438 1.96084
292.486 0.59347
292.534 0.33470
292.582 0.68594
292.631 1.75855
292.679 2.86862
292.727 1.20131
292.775 0.76611
292.824 -0.11533
292.872 0.28768
292.920 1.82292
292.968 0.79495
293.017 4.75584
293.065 2.26435
293.113 0.83705
293.161 2.52017
293.210 1.73363
293.258 -0.20975
293.306 0.05120
293.355 1.53616
293.403 2.86013
293.451 1.66310
293.500 2.17691
293.548 1.67761
293.596 1.33460
293.645 0.97058
293.693 1.71971
293.741 1.36244
293.790 1.24894
293.838 1.46291
293.887 0.62826
293.935 3.69567
293.983 1.14294
294.032 0.16442
294.080 0.10671
294.128 0.31081
294.177 0.52926
294.225 5.81394
294.274 4.18301
294.322 0.22652
294.370 -0.33219
294.419 0.35989
294.467 0.03204
294.516 -0.16512
294.564 2.73124
294.613 1.47033
294.661 1.74288
294.710 2.02229
294.758 0.25671
294.806 0.64071
294.855 2.73017
294.903 2.16412
294.952 1.21171
295.000 2.41765
295.049 1.61341
295.097 0.50659
295.146 1.23445
295.194 2.06381
295.243 0.20023
295.291 2.06339
295.340 2.45283
295.388 2.08837
295.437 0.83615
295.486 2.19239
295.534 0.98217
295.583 0.93641
295.631 0.94701
295.680 1.57134
295.728 2.26669
295.777 0.63338
295.825 1.67816
295.874 0.55191
295.923 0.77829
295.971 0.95705
296.020 3.67524
296.068 1.88021
296.117 0.61723
296.166 2.37987
296.214 1.19740
296.263 -0.40107
296.311 2.30650
296.360 1.04793
296.409 0.23119
296.457 0.16571
296.506 0.61558
296.555 1.25294
296.603 1.13356
296.652 0.46585
296.701 -0.04564
296.749 2.36680
296.798 1.46305
296.847 1.45709
296.895 2.77094
296.944 0.81868
296.993 0.79559
297.041 0.68835
297.090 0.50848
297.139 2.72285
297.188 0.50844
297.236 0.02789
297.285 0.34879
297.334 1.52227
297.382 2.43404
297.431 0.41700
297.480 0.58576
297.529 1.09432
297.577 0.29174
297.626 1.48671
297.675 1.10025
297.724 1.83481
297.772 0.33264
297.821 0.41387
297.870 1.18149
297.919 2.07998
297.968 1.51971
298.016 2.17851
298.065 0.33642
298.114 0.84850
298.163 0.63198
298.212 2.21080
298.260 2.26227
298.309 0.62551
298.358 1.24102
298.407 0.92691
298.456 0.40095
298.505 1.52534
298.554 0.69614
298.602 -0.51745
298.651 0.80525
298.700 0.93827
298.749 1.67989
298.798 2.03075
298.847 0.84777
298.896 0.95307
298.945 1.09584
298.993 0.40972
299.042 1.29514
299.091 1.24796
299.140 0.09445
299.189 0.80062
299.238 0.42204
299.287 0.88164
299.336 -0.46469
299.385 1.22617
299.434 1.13657
299.483 1.98557
299.532 1.82890
299.581 0.59282
299.630 2.12834
299.679 1.12893
299.728 0.43184
299.776 0.20893
299.825 1.98477
299.874 1.70386
299.923 1.04533
299.972 0.93652
300.021 1.29550
300.070 0.14558
300.119 2.32360
300.168 1.68058
300.217 0.84952
300.267 1.06585
300.316 2.08208
300.365 2.74549
300.414 1.78587
300.463 0.59954
300.512 0.39547
300.561 0.26868
300.610 1.50278
300.659 1.42174
300.708 3.20571
300.757 2.37070
300.806 1.69675
300.855 0.80148
300.904 1.55367
300.953 0.10703
301.002 0.97391
301.052 0.85121
301.101 1.28488
301.150 1.50561
301.199 1.82267
301.248 2.18556
301.297 4.61832
301.346 2.97565
301.395 0.30798
301.444 0.57198
301.494 1.46281
301.543 1.32350
301.592 2.17329
301.641 1.53464
301.690 1.00981
301.739 2.87869
301.789 2.12267
301.838 0.67199
301.887 3.32422
301.936 1.46898
301.985 1.08656
302.034 0.83520
302.084 3.05933
302.133 1.20859
302.182 0.43193
302.231 1.67937
302.280 1.80318
302.330 3.15375
302.379 0.71875
302.428 0.61448
302.477 1.30380
302.527 1.51175
302.576 1.52086
302.625 1.69634
302.674 1.20364
302.724 1.99779
302.773 1.65876
302.822 0.89440
302.871 2.94215
302.921 1.70079
302.970 -0.22376
303.019 0.55724
303.068 1.68350
303.118 0.86904
303.167 0.22776
303.216 1.86087
303.266 1.85868
303.315 -0.31419
303.364 0.17621
303.414 1.45151
303.463 1.90800
303.512 2.65492
303.562 3.17117
303.611 2.36213
303.660 2.15800
303.710 4.78639
303.759 2.19941
303.808 0.42552
303.858 0.56763
303.907 1.34417
303.956 2.38909
304.006 0.33597
304.055 0.57918
304.104 1.14507
304.154 1.31252
304.203 1.01447
304.253 0.59100
304.302 0.40441
304.351 0.38450
304.401 1.92875
304.450 2.03212
304.500 1.51010
304.549 2.01325
304.598 1.97434
304.648 1.97467
304.697 1.07207
304.747 1.18055
304.796 0.78538
304.846 0.40678
304.895 1.75625
304.944 1.46581
304.994 2.64511
305.043 2.15551
305.093 0.90551
305.142 4.12526
305.192 1.87972
305.241 0.15123
305.291 0.82160
305.340 2.32408
305.390 2.96476
305.439 2.55204
305.489 2.47770
305.538 2.21184
305.588 1.29087
305.637 0.62138
305.687 2.52630
305.736 0.78373
305.786 1.38994
305.835 3.97587
305.885 2.62811
305.934 1.54717
305.984 1.43688
306.033 1.39885
306.083 3.46643
306.132 2.24850
306.182 2.07117
306.231 1.26233
306.281 1.05741
306.330 0.38964
306.380 1.24566
306.430 2.25106
306.479 1.97439
306.529 1.63453
306.578 1.50764
306.628 0.86718
306.677 1.72943
306.727 2.62088
306.777 1.52603
306.826 1.42244
306.876 0.63404
306.925 1.26180
306.975 0.60250
307.025 1.79399
307.074 2.49207
307.124 1.27463
307.173 1.34631
307.223 2.01630
307.273 1.84632
307.322 0.25369
307.372 2.01210
307.421 1.09537
307.471 -0.22097
307.521 0.59031
307.570 0.05378
307.620 -0.04839
307.670 2.43884
307.719 4.48679
307.769 2.46972
307.819 1.46240
307.868 2.01829
307.918 3.13298
307.968 1.56749
308.017 1.71549
308.067 3.59734
308.117 1.83306
308.166 1.01785
308.216 1.00955
308.266 1.46699
308.315 0.78298
308.365 1.66681
308.415 1.32896
308.464 3.14181
308.514 2.14854
308.564 0.67918
308.614 1.19399
308.663 1.00734
308.713 2.22037
308.763 1.31138
308.812 1.83874
308.862 2.05041
308.912 2.31029
308.962 1.13281
309.011 1.18712
309.061 2.11080
309.111 1.38325
309.161 2.50204
309.210 2.93344
309.260 0.72512
309.310 1.09131
309.360 0.65917
309.409 1.02975
309.459 1.04246
309.509 1.93227
309.559 0.84631
309.608 1.41775
309.658 0.36670
309.708 0.31059
309.758 1.24955
309.807 2.15627
309.857 2.56595
309.907 1.66993
309.957 2.34802
310.007 0.39767
310.056 0.19801
310.106 -0.17119
310.156 0.80259
310.206 1.38976
310.256 1.29575
310.305 1.74593
310.355 2.25140
310.405 2.96324
310.455 3.35886
310.505 1.39106
310.554 2.27720
310.604 1.00279
310.654 0.52197
310.704 0.85384
310.754 1.11286
310.804 -0.01026
310.853 0.78765
310.903 0.48972
310.953 0.77818
311.003 2.34184
311.053 2.52827
311.103 1.82943
311.153 2.51800
311.202 0.88752
311.252 0.33490
311.302 2.00018
311.352 3.86515
311.402 2.68945
311.452 0.30954
311.502 3.75696
311.551 2.57870
311.601 0.81602
311.651 3.71646
311.701 2.65242
311.751 1.23088
311.801 1.38795
311.851 1.39421
311.901 1.31182
311.950 4.07424
312.000 1.09660
312.050 1.14822
312.100 3.85749
312.150 1.29974
312.200 0.21616
312.250 1.81458
312.300 6.53731
312.350 3.47362
312.399 1.96661
312.449 1.44662
312.499 0.01227
312.549 3.61286
312.599 3.34382
312.649 3.59068
312.699 1.50152
312.749 2.50449
312.799 0.95746
312.849 1.08636
312.899 0.53332
312.949 2.72108
312.998 2.37128
313.048 1.05606
313.098 1.57977
313.148 2.91221
313.198 1.11154
313.248 0.47984
313.298 3.85412
313.348 3.99165
313.398 2.29625
313.448 2.96810
313.498 0.30347
313.548 4.17263
313.598 3.49803
313.648 2.54069
313.698 0.81796
313.748 -0.33355
313.798 1.08372
313.847 1.59410
313.897 0.55477
313.947 3.09644
313.997 2.22410
314.047 0.82694
314.097 2.16337
314.147 0.42326
314.197 0.72559
314.247 0.49929
314.297 2.50838
314.347 3.74745
314.397 0.80330
314.447 0.24277
314.497 3.12376
314.547 2.93836
314.597 1.54038
314.647 0.70124
314.697 1.53781
314.747 2.55750
314.797 1.21834
314.847 2.06367
314.897 1.56395
314.947 1.89205
314.997 3.95409
315.047 2.65216
315.097 4.58490
315.147 3.28972
315.197 0.80959
315.247 3.59807
315.297 3.07799
315.347 1.45894
315.397 0.87469
315.447 1.21070
315.497 0.84297
315.547 1.35876
315.597 4.37036
315.647 1.40545
315.697 1.45075
315.747 1.22267
315.797 2.17100
315.847 1.21475
315.897 1.57248
315.947 1.82544
315.997 14.13598
316.047 7.69646
316.097 1.26506
316.147 0.66226
316.197 1.51670
316.247 0.42656
316.297 0.98701
316.347 1.76587
316.397 0.45487
316.447 2.03358
316.497 0.89464
316.547 0.63271
316.597 3.18333
316.647 0.88295
316.697 1.77767
316.747 0.39220
316.797 1.30483
316.847 2.72554
316.897 2.92819
316.947 2.51758
316.997 1.89409
317.047 0.55575
317.097 0.86179
317.147 1.62037
317.197 1.76649
317.247 0.97727
317.297 0.71546
317.347 0.97239
317.397 1.28136
317.447 0.19495
317.497 0.48970
317.547 2.12107
317.597 1.63706
317.647 4.31641
317.697 1.86678
317.747 0.62313
317.797 0.30951
317.847 1.82991
317.897 2.43634
317.947 1.47588
317.997 0.48473
318.047 3.62225
318.097 4.10358
318.147 1.35108
318.197 1.15925
318.247 2.54969
318.297 1.56027
318.347 0.31926
318.397 2.83793
318.447 2.17407
318.497 1.57949
318.547 2.85839
318.597 2.23709
318.647 2.28136
318.697 2.56781
318.747 1.31421
318.797 1.03430
318.847 1.72572
318.897 1.81255
318.947 1.97839
318.997 2.18833
319.047 0.50313
319.097 2.43597
319.147 2.70856
319.197 2.17553
319.247 1.36264
319.297 2.77876
319.347 2.14447
319.397 1.26074
319.447 2.81076
319.497 1.79646
319.547 1.32673
319.597 3.66710
319.647 1.95122
319.697 0.14589
319.747 2.35138
319.797 2.71524
319.847 0.94570
319.897 1.51915
319.947 1.32437
319.997 0.05861
320.047 0.93993
320.097 3.32294
320.146 1.17058
320.196 1.70649
320.246 3.98249
320.296 2.08921
320.346 1.91838
320.396 2.29113
320.446 1.46108
320.496 1.57033
320.546 1.90494
320.596 2.75194
320.646 1.57906
320.696 0.65750
320.746 2.24764
320.796 3.17803
320.846 1.70636
320.896 0.53441
320.946 1.80658
320.996 2.37570
321.046 2.09057
321.096 1.73397
321.146 2.16787
321.196 1.90198
321.246 1.31715
321.296 0.83400
321.345 2.56339
321.395 0.92169
321.445 1.01184
321.495 5.75826
321.545 3.14449
321.595 1.90909
321.645 5.36800
321.695 1.65661
321.745 1.89176
321.795 3.15443
321.845 0.75142
321.895 1.53244
321.945 2.80601
321.994 1.36991
322.044 3.02215
322.094 2.38725
322.144 3.33567
322.194 3.69951
322.244 4.28838
322.294 1.95778
322.344 0.44433
322.394 1.51747
322.444 3.12599
322.493 3.74217
322.543 1.31860
322.593 0.84384
322.643 0.54995
322.693 2.64434
322.743 5.12167
322.793 2.92198
322.843 2.52650
322.892 1.68833
322.942 2.48851
322.992 1.73815
323.042 -0.51677
323.092 2.95503
323.142 2.28894
323.192 3.96298
323.241 3.20927
323.291 0.48929
323.341 2.29881
323.391 2.64308
323.441 2.58565
323.491 2.98696
323.540 5.66614
323.590 2.52254
323.640 1.28151
323.690 1.70794
323.740 0.15347
323.790 2.42021
323.839 2.10195
323.889 1.40947
323.939 0.81112
323.989 0.74570
324.039 3.07851
324.088 1.66889
324.138 0.27092
324.188 0.75387
324.238 2.11738
324.288 2.92575
324.337 2.51767
324.387 3.30245
324.437 1.82778
324.487 0.93620
324.536 1.95681
324.586 2.14919
324.636 2.33958
324.686 2.77154
324.735 4.91256
324.785 3.40181
324.835 1.93501
324.885 2.60217
324.934 3.88935
324.984 1.33073
325.034 1.59838
325.084 1.73149
325.133 1.70919
325.183 2.04703
325.233 2.40576
325.282 1.12442
325.332 1.26302
325.382 1.79225
325.432 2.98956
325.481 2.98115
325.531 2.64647
325.581 3.14345
325.630 2.47578
325.680 2.87640
325.730 2.88124
325.779 2.26433
325.829 1.50053
325.879 1.30773
325.928 3.25515
325.978 2.85753
326.028 2.10079
326.077 2.68276
326.127 1.87866
326.177 0.58910
326.226 2.55011
326.276 3.78593
326.325 3.21619
326.375 3.31351
326.425 0.88655
326.474 2.13701
326.524 2.23376
326.573 2.71040
326.623 3.33087
326.673 1.51032
326.722 2.07642
326.772 2.43288
326.821 1.99612
326.871 4.26995
326.920 4.07428
326.970 2.26789
327.020 1.56519
327.069 2.46383
327.119 5.13216
327.168 5.34389
327.218 1.92250
327.267 2.79779
327.317 1.52835
327.366 1.57901
327.416 2.51776
327.465 2.84060
327.515 2.50300
327.564 2.33687
327.614 0.99918
327.663 5.79945
327.713 4.10584
327.762 1.72317
327.812 2.18005
327.861 1.19204
327.911 2.07822
327.960 2.30130
328.009 2.72345
328.059 2.43318
328.108 1.57964
328.158 2.08240
328.207 4.33506
328.257 2.23384
328.306 1.96728
328.355 2.40798
328.405 2.79317
328.454 3.04168
328.504 4.47759
328.553 1.78767
328.602 0.94168
328.652 3.25625
328.701 2.18567
328.750 0.94983
328.800 2.58605
328.849 3.48314
328.898 0.57875
328.948 1.32960
328.997 3.22978
329.046 1.55423
329.096 0.70732
329.145 1.20579
329.194 2.06358
329.244 1.44600
329.293 2.27680
329.342 2.66607
329.391 0.86175
329.441 4.15415
329.490 3.05818
329.539 3.15682
329.588 1.27365
329.638 3.72738
329.687 5.01357
329.736 1.53782
329.785 0.78260
329.835 1.63725
329.884 0.78906
329.933 2.58269
329.982 2.65588
330.031 6.02249
330.081 4.67364
330.130 1.32334
330.179 1.78489
330.228 3.04330
330.277 4.18484
330.326 1.52027
330.375 1.74091
330.425 2.23210
330.474 0.94938
330.523 0.87870
330.572 2.05795
330.621 4.10834
330.670 1.86645
330.719 0.38184
330.768 1.78111
330.817 4.74725
330.866 4.02673
330.915 4.29369
330.965 1.66371
331.014 3.87600
331.063 5.74576
331.112 3.44340
331.161 2.96738
331.210 0.56868
331.259 -0.05709
331.308 2.26981
331.357 1.49568
331.406 3.10595
331.455 2.07172
331.504 2.49325
331.552 4.99871
331.601 2.86314
331.650 0.76432
331.699 1.55500
331.748 1.21080
331.797 3.15014
331.846 2.95085
331.895 2.34410
331.944 2.25165
331.993 5.68149
332.042 3.30105
332.090 3.43140
332.139 2.48430
332.188 2.81948
332.237 2.87557
332.286 2.89960
332.335 1.08655
332.383 1.29666
332.432 1.14072
332.481 1.86503
332.530 4.14380
332.579 2.71248
332.627 3.44939
332.676 5.00042
332.725 6.27969
332.774 3.77876
332.822 5.63085
332.871 4.23167
332.920 6.52291
332.968 2.14179
333.017 1.33613
333.066 2.37415
333.114 2.87426
333.163 0.00858
333.212 1.08873
333.260 3.66850
333.309 5.17067
333.358 2.61473
333.406 0.72156
333.455 3.25500
333.504 2.27123
333.552 1.82014
333.601 1.32234
333.649 5.18472
333.698 3.78303
333.746 3.89911
333.795 3.21361
333.843 4.31277
333.892 1.29047
333.940 1.94380
333.989 1.54164
334.037 3.43078
334.086 3.11030
334.134 1.32535
334.183 0.97394
334.231 3.45189
334.280 0.91330
334.328 2.68637
334.377 2.83758
334.425 2.53060
334.473 0.96409
334.522 2.37433
334.570 2.22224
334.619 5.65878
334.667 3.66502
334.715 3.43370
334.764 2.39227
334.812 0.63032
334.860 3.21034
334.909 2.64045
334.957 5.34052
335.005 3.14071
335.053 3.29748
335.102 3.65008
335.150 2.54864
335.198 0.33207
335.246 0.47891
335.295 2.73726
335.343 2.77699
335.391 2.14286
335.439 2.88362
335.487 2.37063
335.536 2.75021
335.584 1.16347
335.632 3.39666
335.680 0.28216
335.728 2.34497
335.776 2.33766
335.824 0.66524
335.873 1.49890
335.921 1.84424
335.969 0.79052
336.017 2.29494
336.065 3.62071
336.113 2.46946
336.161 3.15475
336.209 4.78828
336.257 4.75727
336.305 2.73391
336.353 3.04861
336.401 2.18073
336.449 -0.18067
336.497 -0.93447
336.545 2.48665
336.592 2.10193
336.640 0.75116
336.688 1.85918
336.736 2.41749
336.784 2.07642
336.832 2.46871
336.880 3.33354
336.928 0.75428
336.975 -0.26994
337.023 2.99975
337.071 3.43930
337.119 1.16308
337.167 1.60145
337.214 3.32026
337.262 1.91127
337.310 2.22991
337.357 1.65871
337.405 2.29972
337.453 1.11249
337.501 1.32605
337.548 0.52939
337.596 2.35488
337.643 1.35930
337.691 0.47171
337.739 0.39253
337.786 1.89327
337.834 0.62518
337.882 1.28066
337.929 2.19752
337.977 1.85178
338.024 1.26737
338.072 1.37315
338.119 2.16773
338.167 2.28221
338.214 2.17111
338.262 2.79997
338.309 2.13383
338.357 3.29606
338.404 0.70361
338.451 4.35589
338.499 4.20731
338.546 2.36156
338.594 1.70300
338.641 2.25166
338.688 3.24644
338.736 4.40027
338.783 4.38250
338.830 3.71368
338.878 3.21984
338.925 1.51726
338.972 0.35613
339.019 2.26621
339.067 1.41450
339.114 2.11213
339.161 3.22421
339.208 2.71407
339.255 2.46114
339.303 -0.19605
339.350 7.29680
339.397 1.63451
339.444 1.70764
339.491 1.46146
339.538 5.55514
339.585 5.95154
339.632 0.98088
339.679 3.81862
339.726 2.23113
339.773 -0.36815
339.820 3.65937
339.867 -0.84379
339.914 3.00052
339.961 3.34723
340.008 5.41794
340.055 4.19425
340.102 -1.05561
340.149 11.05048
340.196 4.59901
340.243 4.58962
340.290 0.57796
340.337 7.20889
340.383 6.53620
340.430 1.77631
340.477 4.17343
340.524 5.10623
340.571 5.23547
340.617 0.00603
382.138 -3.72412
382.186 -1.80478
382.234 1.42289
382.282 0.46179
382.330 3.36534
382.378 0.97760
382.426 4.54235
382.474 2.19595
382.522 2.04198
382.570 4.43584
382.617 -2.62276
382.665 1.06519
382.713 -0.64031
382.761 -1.78330
382.809 -1.30980
382.857 -0.85528
382.905 1.11531
382.953 0.88897
383.001 -0.71300
383.049 0.35001
383.096 3.29155
383.144 6.37603
383.192 3.34068
383.240 3.49630
383.288 4.75024
383.336 2.32199
383.384 -0.47901
383.431 -0.66574
383.479 0.61667
383.527 1.89486
383.575 2.03429
383.623 4.05070
383.670 8.57831
383.718 3.67527
383.766 5.44690
383.814 4.88809
383.862 6.19546
383.909 1.76649
383.957 3.40832
384.005 4.73140
384.053 4.27275
384.101 4.16893
384.148 6.53883
384.196 8.18007
384.244 6.20857
384.292 8.46943
384.339 10.31433
384.387 10.30758
384.435 10.35766
384.483 10.36159
384.530 9.83486
384.578 9.93486
384.626 10.33592
384.673 9.84760
384.721 10.14155
384.769 10.10528
384.816 10.08756
384.864 9.88837
384.912 9.91644
384.960 10.25845
385.007 9.73444
385.055 9.64197
385.103 9.67911
385.150 9.41431
385.198 9.52976
385.246 9.48051
385.293 9.61575
385.341 9.83042
385.388 9.89356
385.436 9.51298
385.484 9.80946
385.531 9.81877
385.579 9.34972
385.627 9.59064
385.674 9.59460
385.722 9.33474
385.769 9.47553
385.817 9.28826
385.865 9.65590
385.912 9.48038
385.960 9.59452
386.007 9.39631
386.055 9.94724
386.102 9.44701
386.150 9.51249
386.198 9.75766
386.245 9.36566
386.293 9.38760
386.340 9.35356
386.388 9.50716
386.435 9.45851
386.483 9.25244
386.530 9.17880
386.578 9.39112
386.625 9.27983
386.673 9.55695
386.720 9.03326
386.768 9.60779
386.815 9.14564
386.863 9.51722
386.910 8.90727
386.958 9.13434
387.005 9.18239
387.053 9.13835
387.100 8.94995
387.148 9.20687
387.195 8.97484
387.243 9.57806
387.290 9.49492
387.337 8.90459
387.385 9.18809
387.432 9.19165
387.480 9.19925
387.527 9.11580
387.575 9.27523
387.622 9.08541
387.669 9.02240
387.717 9.45830
387.764 9.27045
387.812 8.98391
387.859 9.29424
387.906 9.13809
387.954 9.42279
388.001 8.93264
388.049 9.11087
388.096 9.32570
388.143 9.02802
388.191 8.94720
388.238 9.31704
388.285 8.87730
388.333 9.35712
388.380 9.24422
388.427 9.28117
388.475 9.30517
388.522 9.35036
388.569 8.79058
388.617 9.23300
388.664 9.42159
388.711 9.35806
388.758 8.96473
388.806 9.36191
388.853 9.11154
388.900 9.09382
388.948 9.28218
388.995 9.20713
389.042 9.37162
389.089 9.01931
389.137 9.28303
389.184 9.11247
389.231 9.04064
389.278 8.95326
389.326 9.49922
389.373 9.37795
389.420 9.18404
389.467 9.38182
389.514 9.01015
389.562 9.22446
389.609 9.21273
389.656 9.06626
389.703 9.10167
389.750 8.87503
389.798 9.30379
389.845 9.23662
389.892 9.38505
389.939 9.22012
389.986 9.18136
390.033 9.25098
390.081 9.47837
390.128 9.18078
390.175 9.06303
390.222 8.94213
390.269 9.32363
390.316 8.94011
390.363 8.78727
390.411 9.32954
390.458 9.12176
390.505 8.91076
390.552 9.05381
390.599 9.02357
390.646 8.84241
390.693 9.13879
390.740 9.12112
390.787 9.02569
390.834 8.66688
390.882 8.92824
390.929 9.18890
390.976 8.82716
391.023 9.04273
391.070 9.09007
391.117 9.03420
391.164 8.67390
391.211 9.20127
391.258 8.77377
391.305 8.91051
391.352 8.80243
391.399 8.78655
391.446 8.96066
391.493 9.21359
391.540 8.97753
391.587 9.21108
391.634 8.85222
391.681 8.66983
391.728 8.65467
391.775 8.76867
391.822 8.77685
391.869 8.89378
391.916 8.76947
391.963 8.79553
392.010 8.69173
392.057 8.66499
392.104 8.79632
392.151 8.86399
392.197 8.58051
392.244 8.87498
392.291 8.54583
392.338 8.65579
392.385 8.58420
392.432 8.58652
392.479 8.56638
392.526 8.44727
392.573 8.54316
392.620 8.98860
392.666 8.39505
392.713 8.42972
392.760 8.45376
392.807 8.44530
392.854 8.50756
392.901 8.38035
392.948 8.75370
392.994 8.24922
393.041 8.47343
393.088 8.14260
393.135 8.49989
393.182 8.09788
393.229 8.61233
393.275 8.35733
393.322 8.21027
393.369 8.40963
393.416 8.30210
393.463 8.38597
393.509 8.01794
393.556 8.04459
393.603 8.28098
393.650 8.02549
393.697 8.24690
393.743 7.91686
393.790 7.94752
393.837 7.94533
393.884 8.30699
393.930 7.92702
393.977 7.83741
394.024 7.91813
394.071 8.02698
394.117 7.75513
394.164 8.09153
394.211 8.01620
394.257 7.73625
394.304 7.70372
394.351 8.04725
394.397 7.59266
394.444 7.75539
394.491 7.71840
394.538 7.78304
394.584 7.70180
394.631 7.57618
394.678 7.95521
394.724 7.71389
394.771 7.54009
394.817 7.60767
394.864 7.42895
394.911 7.81298
394.957 7.50729
395.004 7.42482
395.051 7.37798
395.097 7.34301
395.144 7.30689
395.190 7.37575
395.237 7.42998
395.284 7.41098
395.330 7.32120
395.377 7.37777
395.423 7.22723
395.470 7.10406
395.517 7.38975
395.563 7.24652
395.610 7.35314
395.656 7.12206
395.703 7.37764
395.749 7.08397
395.796 7.28877
395.842 7.10372
395.889 7.02433
395.936 7.12614
395.982 6.95642
396.029 7.02675
396.075 7.02799
396.122 6.96741
396.168 6.74336
396.215 6.78545
396.261 6.99329
396.308 6.98517
396.354 7.00148
396.400 6.82211
396.447 7.00019
396.493 6.75900
396.540 6.83691
396.586 6.71633
396.633 6.92079
396.679 6.75689
396.726 6.83180
396.772 6.67342
396.819 6.55687
396.865 6.71389
396.911 6.69091
396.958 6.65804
397.004 6.48067
397.051 6.60035
397.097 6.59119
397.143 6.49754
397.190 6.57597
397.236 6.46486
397.283 6.66215
397.329 6.62578
397.375 6.43530
397.422 6.58675
397.468 6.49650
397.514 6.29708
397.561 6.37279
397.607 6.52482
397.653 6.29416
397.700 6.44215
397.746 6.32645
397.792 6.21844
397.839 6.25448
397.885 6.37546
397.931 6.11644
397.978 6.24686
398.024 6.39188
398.070 6.18999
398.116 6.11685
398.163 6.16981
398.209 6.08202
398.255 6.11212
398.301 6.01918
398.348 6.23213
398.394 6.08053
398.440 6.02961
398.487 6.02487
398.533 6.06897
398.579 5.96803
398.625 6.02571
398.671 5.79347
398.718 5.95725
398.764 6.03382
398.810 5.93683
398.856 5.94420
398.902 5.88051
398.949 5.95660
398.995 5.91741
399.041 5.87879
399.087 5.93667
399.133 5.89367
399.180 5.84605
399.226 5.87813
399.272 5.83123
399.318 5.77862
399.364 5.81655
399.410 5.85942
399.456 5.59149
399.503 5.84459
399.549 5.72475
399.595 5.69545
399.641 5.78195
399.687 5.71989
399.733 5.73965
399.779 5.66820
399.825 5.62109
399.871 5.69027
399.917 5.55536
399.964 5.64960
400.010 5.78362
400.056 5.65904
400.102 5.70765
400.148 5.68930
400.194 5.68774
400.240 5.64274
400.286 5.63715
400.332 5.59908
400.378 5.68161
400.424 5.67594
400.470 5.61097
400.516 5.68326
400.562 5.56013
400.608 5.57463
400.654 5.68284
400.700 5.61396
400.746 5.59445
400.792 5.52200
400.838 5.73082
400.884 5.56844
400.930 5.53373
400.976 5.56772
401.022 5.53109
401.068 5.54540
401.114 5.51881
401.160 5.50597
401.206 5.51047
401.252 5.55979
401.297 5.67622
401.343 5.42352
401.389 5.47872
401.435 5.52146
401.481 5.45179
401.527 5.52854
401.573 5.43265
401.619 5.47832
401.665 5.49605
401.711 5.53472
401.756 5.47282
401.802 5.37199
401.848 5.53498
401.894 5.55876
401.940 5.42350
401.986 5.50260
402.032 5.39364
402.077 5.44777
402.123 5.35023
402.169 5.37790
402.215 5.41676
402.261 5.60781
402.306 5.39093
402.352 5.52117
402.398 5.34585
402.444 5.33597
402.490 5.54522
402.535 5.44003
402.581 5.39169
402.627 5.35488
402.673 5.30123
402.719 5.45196
402.764 5.32371
402.810 5.42416
402.856 5.37637
402.902 5.51300
402.947 5.39571
402.993 5.31531
403.039 5.48254
403.084 5.43207
403.130 5.37015
403.176 5.48091
403.222 5.49821
403.267 5.35129
403.313 5.41399
403.359 5.47527
403.404 5.33085
403.450 5.27505
403.496 5.48294
403.541 5.41936
403.587 5.39341
403.633 5.47986
403.678 5.46290
403.724 5.36745
403.770 5.53434
403.815 5.34462
403.861 5.31955
403.907 5.48798
403.952 5.29550
403.998 5.52535
404.043 5.38311
404.089 5.33019
404.135 5.46697
404.180 5.33342
404.226 5.47556
404.271 5.40252
404.317 5.49123
404.362 5.30926
404.408 5.39244
404.454 5.42879
404.499 5.31999
404.545 5.44246
404.590 5.35048
404.636 5.39426
404.681 5.43708
404.727 5.40607
404.772 5.30604
404.818 5.45580
404.863 5.35667
404.909 5.46255
404.954 5.31584
405.000 5.50600
405.045 5.34264
405.091 5.57158
405.136 5.27897
405.182 5.49147
405.227 5.39855
405.273 5.38189
405.318 5.36580
405.364 5.41378
405.409 5.34022
405.455 5.47690
405.500 5.27372
405.546 5.55017
405.591 5.49130
405.636 5.30567
405.682 5.41088
405.727 5.21152
405.773 5.45819
405.818 5.49334
405.863 5.35110
405.909 5.55771
405.954 5.28645
406.000 5.42144
406.045 5.44411
406.090 5.36486
406.136 5.41374
406.181 5.49072
406.226 5.42635
406.272 5.47855
406.317 5.45383
406.362 5.35095
406.408 5.38375
406.453 5.41929
406.498 5.31856
406.544 5.41086
406.589 5.43830
406.634 5.36702
406.680 5.43984
406.725 5.37951
406.770 5.41480
406.815 5.32388
406.861 5.45797
406.906 5.52320
406.951 5.30339
406.997 5.48891
407.042 5.45939
407.087 5.48364
407.132 5.40338
407.178 5.37940
407.223 5.45744
407.268 5.42673
407.313 5.53493
407.358 5.34917
407.404 5.47381
407.449 5.50312
407.494 5.44049
407.539 5.40523
407.584 5.30607
407.630 5.42967
407.675 5.47336
407.720 5.45587
407.765 5.39784
407.810 5.38437
407.856 5.42700
407.901 5.48544
407.946 5.38972
407.991 5.48359
408.036 5.36895
408.081 5.44557
408.126 5.31835
408.172 5.45034
408.217 5.39768
408.262 5.45353
408.307 5.45757
408.352 5.31494
408.397 5.39762
408.442 5.41603
408.487 5.45568
408.532 5.37455
408.577 5.34705
408.622 5.29979
408.668 5.32995
408.713 5.34789
408.758 5.36281
408.803 5.34951
408.848 5.36597
408.893 5.32169
408.938 5.37854
408.983 5.32950
409.028 5.31951
409.073 5.29282
409.118 5.32268
409.163 5.34046
409.208 5.33507
409.253 5.36066
409.298 5.34595
409.343 5.25564
409.388 5.38490
409.433 5.24694
409.478 5.23443
409.523 5.26500
409.568 5.30490
409.613 5.25771
409.658 5.32987
409.702 5.25198
409.747 5.17261
409.792 5.21105
409.837 5.20319
409.882 5.14382
409.927 5.22677
409.972 5.16549
410.017 5.17066
410.062 5.21186
410.107 5.05243
410.152 5.14601
410.196 5.05561
410.241 5.07844
410.286 5.08344
410.331 5.00982
410.376 5.02818
410.421 4.99310
410.466 5.12518
410.510 4.97781
410.555 4.94483
410.600 4.97573
410.645 4.89674
410.690 5.01189
410.735 5.12135
410.779 4.91485
410.824 4.86784
410.869 4.91420
410.914 4.86600
410.959 5.01876
411.003 4.84192
411.048 4.92057
411.093 4.84265
411.138 4.98411
411.182 4.88180
411.227 4.77640
411.272 4.80022
411.317 4.96146
411.361 4.83621
411.406 4.78274
411.451 4.82354
411.496 4.88491
411.540 4.78809
411.585 4.73939
411.630 4.82785
411.674 4.76610
411.719 4.78251
411.764 4.70508
411.809 4.85341
411.853 4.69907
411.898 4.75455
411.943 4.81969
411.987 4.69524
412.032 4.66787
412.077 4.70565
412.121 4.70283
412.166 4.76325
412.210 4.59981
412.255 4.68422
412.300 4.69308
412.344 4.71128
412.389 4.57681
412.434 4.66429
412.478 4.62020
412.523 4.65984
412.567 4.55521
412.612 4.55518
412.657 4.65759
412.701 4.47576
412.746 4.64453
412.790 4.57105
412.835 4.65423
412.879 4.46464
412.924 4.59967
412.968 4.49439
413.013 4.48722
413.058 4.63263
413.102 4.47090
413.147 4.61137
413.191 4.47912
413.236 4.56225
413.280 4.52861
413.325 4.56648
413.369 4.44889
413.414 4.54086
413.458 4.44700
413.503 4.52268
413.547 4.51768
413.591 4.43916
413.636 4.49478
413.680 4.44924
413.725 4.44079
413.769 4.41178
413.814 4.49510
413.858 4.36728
413.903 4.47452
413.947 4.45599
413.991 4.33338
414.036 4.43780
414.080 4.37164
414.125 4.40544
414.169 4.49381
414.213 4.29213
414.258 4.43937
414.302 4.33801
414.347 4.42233
414.391 4.36408
414.435 4.27728
414.480 4.39339
414.524 4.38790
414.568 4.27684
414.613 4.35013
414.657 4.37809
414.701 4.25921
414.746 4.34241
414.790 4.42653
414.834 4.25522
414.879 4.39194
414.923 4.37996
414.967 4.26562
415.012 4.33893
415.056 4.36384
415.100 4.32301
415.144 4.21921
415.189 4.32249
415.233 4.31011
415.277 4.31928
415.321 4.18607
415.366 4.31966
415.410 4.27460
415.454 4.29333
415.498 4.19986
415.543 4.28668
415.587 4.24244
415.631 4.24614
415.675 4.29526
415.719 4.20953
415.764 4.25634
415.808 4.28007
415.852 4.28116
415.896 4.26830
415.940 4.17367
415.985 4.30552
416.029 4.27505
416.073 4.29273
416.117 4.28682
416.161 4.29754
416.205 4.25950
416.249 4.12504
416.294 4.20389
416.338 4.25416
416.382 4.22967
416.426 4.26406
416.470 4.25742
416.514 4.23973
416.558 4.19793
416.602 4.27098
416.646 4.22355
416.690 4.15725
416.735 4.24940
416.779 4.18516
416.823 4.24647
416.867 4.21807
416.911 4.20332
416.955 4.24378
416.999 4.22802
417.043 4.21823
417.087 4.18784
417.131 4.20543
417.175 4.17935
417.219 4.22923
417.263 4.24037
417.307 4.19080
417.351 4.24336
417.395 4.19871
417.439 4.20143
417.483 4.20911
417.527 4.23592
417.571 4.20467
417.615 4.24896
417.659 4.16207
417.703 4.26625
417.747 4.18038
417.791 4.17337
417.835 4.24008
417.879 4.19744
417.923 4.27207
417.966 4.20940
418.010 4.21622
418.054 4.21154
418.098 4.16641
418.142 4.19329
418.186 4.18062
418.230 4.21172
418.274 4.17712
418.318 4.33623
418.361 4.18974
418.405 4.25390
418.449 4.19268
418.493 4.23121
418.537 4.24711
418.581 4.19586
418.625 4.35397
418.668 4.21663
418.712 4.23979
418.756 4.17924
418.800 4.27505
418.844 4.33490
418.887 4.23334
418.931 4.26903
418.975 4.21267
419.019 4.23241
419.063 4.34868
419.106 4.22556
419.150 4.25771
419.194 4.24233
419.238 4.36139
419.281 4.23627
419.325 4.28009
419.369 4.22861
419.413 4.31067
419.456 4.23314
419.500 4.22528
419.544 4.21424
419.588 4.38428
419.631 4.27164
419.675 4.21818
419.719 4.34712
419.762 4.27146
419.806 4.29978
419.850 4.38132
419.893 4.24842
419.937 4.23812
419.981 4.34104
420.024 4.24990
420.068 4.27704
420.112 4.35333
420.155 4.31969
420.199 4.29328
420.243 4.38829
420.286 4.31526
420.330 4.28323
420.374 4.36881
420.417 4.26811
420.461 4.35100
420.504 4.21161
420.548 4.34323
420.591 4.32072
420.635 4.33842
420.679 4.37531
420.722 4.27526
420.766 4.45274
420.809 4.28219
420.853 4.40962
420.896 4.30798
420.940 4.32550
420.984 4.37681
421.027 4.35507
421.071 4.41564
421.114 4.31138
421.158 4.40678
421.201 4.33485
421.245 4.39134
421.288 4.32611
421.332 4.41848
421.375 4.27354
421.419 4.45016
421.462 4.38527
421.506 4.47444
421.549 4.39938
421.592 4.33066
421.636 4.53676
421.679 4.35170
421.723 4.47781
421.766 4.33713
421.810 4.48155
421.853 4.42157
421.896 4.30744
421.940 4.46492
421.983 4.35036
422.027 4.42397
422.070 4.44512
422.113 4.36574
422.157 4.45217
422.200 4.33310
422.244 4.51669
422.287 4.46112
422.330 4.38817
422.374 4.46908
422.417 4.49225
422.460 4.41212
422.504 4.50107
422.547 4.51241
422.590 4.38237
422.634 4.46498
422.677 4.48884
422.720 4.43490
422.764 4.50365
422.807 4.50720
422.850 4.38324
422.894 4.46506
422.937 4.50420
422.980 4.57019
423.023 4.37393
423.067 4.51146
423.110 4.47847
423.153 4.50064
423.196 4.40848
423.240 4.51627
423.283 4.53961
423.326 4.56403
423.369 4.46464
423.413 4.55467
423.456 4.54179
423.499 4.57227
423.542 4.55067
423.585 4.42381
423.629 4.52084
423.672 4.53978
423.715 4.55888
423.758 4.48823
423.801 4.40036
423.845 4.52569
423.888 4.52241
423.931 4.53878
423.974 4.53633
424.017 4.58650
424.060 4.51785
424.103 4.45030
424.147 4.53851
424.190 4.54970
424.233 4.53871
424.276 4.52101
424.319 4.54234
424.362 4.48275
424.405 4.52899
424.448 4.53252
424.491 4.57796
424.534 4.40178
424.578 4.59027
424.621 4.60167
424.664 4.55519
424.707 4.57070
424.750 4.56391
424.793 4.55380
424.836 4.53526
424.879 4.57105
424.922 4.54900
424.965 4.61533
425.008 4.57222
425.051 4.57318
425.094 4.57925
425.137 4.63400
425.180 4.54966
425.223 4.54721
425.266 4.60891
425.309 4.56691
425.352 4.56359
425.395 4.56287
425.438 4.50689
425.481 4.56476
425.524 4.54209
425.567 4.62154
425.610 4.67981
425.652 4.57618
425.695 4.54087
425.738 4.54935
425.781 4.59431
425.824 4.57908
425.867 4.58086
425.910 4.56236
425.953 4.56078
425.996 4.58789
426.039 4.66781
426.081 4.55436
426.124 4.57801
426.167 4.60870
426.210 4.56053
426.253 4.54144
426.296 4.57832
426.339 4.67110
426.381 4.58108
426.424 4.58031
426.467 4.58459
426.510 4.54370
426.553 4.65539
426.595 4.55473
426.638 4.52592
426.681 4.57579
426.724 4.58174
426.767 4.68061
426.809 4.62338
426.852 4.58954
426.895 4.55127
426.938 4.63365
426.980 4.55149
427.023 4.50579
427.066 4.52539
427.109 4.68048
427.151 4.58844
427.194 4.58182
427.237 4.55038
427.280 4.67997
427.322 4.54815
427.365 4.52700
427.408 4.64656
427.450 4.52640
427.493 4.58322
427.536 4.64024
427.578 4.54220
427.621 4.52360
427.664 4.66477
427.706 4.53925
427.749 4.56058
427.792 4.68612
427.834 4.53308
427.877 4.52506
427.920 4.62798
427.962 4.50685
428.005 4.59958
428.047 4.47379
428.090 4.59426
428.133 4.58300
428.175 4.52264
428.218 4.63122
428.260 4.54054
428.303 4.50219
428.346 4.64803
428.388 4.54734
428.431 4.66147
428.473 4.51538
428.516 4.61895
428.558 4.52199
428.601 4.58287
428.643 4.57877
428.686 4.51991
428.729 4.53185
428.771 4.50349
428.814 4.63440
428.856 4.49506
428.899 4.61509
428.941 4.47964
428.984 4.61374
429.026 4.47057
429.069 4.61559
429.111 4.61733
429.153 4.50767
429.196 4.57757
429.238 4.46583
429.281 4.60011
429.323 4.53024
429.366 4.58601
429.408 4.49193
429.451 4.62546
429.493 4.54478
429.535 4.49227
429.578 4.60254
429.620 4.48552
429.663 4.57114
429.705 4.55248
429.747 4.45207
429.790 4.60793
429.832 4.58901
429.874 4.48856
429.917 4.59239
429.959 4.44975
430.002 4.56828
430.044 4.57939
430.086 4.46767
430.129 4.61598
430.171 4.56802
430.213 4.51587
430.256 4.56987
430.298 4.55832
430.340 4.59360
430.382 4.46473
430.425 4.58128
430.467 4.53502
430.509 4.46892
430.552 4.58089
430.594 4.59120
430.636 4.56405
430.678 4.45201
430.721 4.54047
430.763 4.56987
430.805 4.50739
430.847 4.47219
430.890 4.58189
430.932 4.58201
430.974 4.55514
431.016 4.41884
431.059 4.53630
431.101 4.58017
431.143 4.55414
431.185 4.54205
431.227 4.53082
431.269 4.39843
431.312 4.54018
431.354 4.54110
431.396 4.52233
431.438 4.51801
431.480 4.57667
431.522 4.40812
431.565 4.49976
431.607 4.50364
431.649 4.51052
431.691 4.48323
431.733 4.52054
431.775 4.47918
431.817 4.46832
431.859 4.41877
431.902 4.50919
431.944 4.49158
431.986 4.46174
432.028 4.45251
432.070 4.43252
432.112 4.48635
432.154 4.49162
432.196 4.47207
432.238 4.46859
432.280 4.41421
432.322 4.43146
432.364 4.46546
432.406 4.42829
432.448 4.43630
432.490 4.45658
432.532 4.40124
432.574 4.42618
432.616 4.40796
432.658 4.41592
432.700 4.44237
432.742 4.40363
432.784 4.41651
432.826 4.36512
432.868 4.36948
432.910 4.42200
432.952 4.41093
432.994 4.39572
433.036 4.39521
433.078 4.40938
433.120 4.35903
433.162 4.33410
433.204 4.35127
433.246 4.45412
433.287 4.33274
433.329 4.40561
433.371 4.35416
433.413 4.39351
433.455 4.32890
433.497 4.37460
433.539 4.38511
433.581 4.38321
433.623 4.44502
433.664 4.35495
433.706 4.32286
433.748 4.30050
433.790 4.33334
433.832 4.35443
433.874 4.43056
433.915 4.36366
433.957 4.35166
433.999 4.33107
434.041 4.34132
434.083 4.43441
434.124 4.32174
434.166 4.36556
434.208 4.33015
434.250 4.31378
434.292 4.41179
434.333 4.38537
434.375 4.33500
434.417 4.31995
434.459 4.42960
434.500 4.31643
434.542 4.29630
434.584 4.27962
434.626 4.39221
434.667 4.29829
434.709 4.31751
434.751 4.42911
434.792 4.31335
434.834 4.25469
434.876 4.45419
434.917 4.27954
434.959 4.30506
435.001 4.42234
435.042 4.32978
435.084 4.31879
435.126 4.41163
435.167 4.33567
435.209 4.32074
435.251 4.42634
435.292 4.30356
435.334 4.30638
435.376 4.38714
435.417 4.25042
435.459 4.43344
435.500 4.27697
435.542 4.27527
435.584 4.39487
435.625 4.30012
435.667 4.39598
435.708 4.28001
435.750 4.41626
435.791 4.31004
435.833 4.31543
435.875 4.40699
435.916 4.31777
435.958 4.41536
435.999 4.27458
436.041 4.39866
436.082 4.27312
436.124 4.38408
436.165 4.30228
436.207 4.44387
436.248 4.32786
436.290 4.38433
436.331 4.27636
436.373 4.38218
436.414 4.35739
436.456 4.40806
436.497 4.27535
436.539 4.38373
436.580 4.35289
436.622 4.42467
436.663 4.39349
436.704 4.28150
436.746 4.42532
436.787 4.30287
436.829 4.40216
436.870 4.33665
436.912 4.38057
436.953 4.43557
436.994 4.31539
437.036 4.40128
437.077 4.26463
437.119 4.43503
437.160 4.43788
437.201 4.28470
437.243 4.42514
437.284 4.43583
437.325 4.31699
437.367 4.43953
437.408 4.37426
437.449 4.29225
437.491 4.42963
437.532 4.41547
437.573 4.33222
437.615 4.40877
437.656 4.42713
437.697 4.26108
437.739 4.43536
437.780 4.40313
437.821 4.40525
437.862 4.30374
437.904 4.42119
437.945 4.43829
437.986 4.42744
438.027 4.32919
438.069 4.41098
438.110 4.48054
438.151 4.49402
438.192 4.35036
438.234 4.38368
438.275 4.40944
438.316 4.44980
438.357 4.49622
438.398 4.33342
438.440 4.46213
438.481 4.50673
438.522 4.46380
438.563 4.47384
438.604 4.31916
438.646 4.45520
438.687 4.45078
438.728 4.43349
438.769 4.44208
438.810 4.46768
438.851 4.42184
438.892 4.33245
438.934 4.45970
438.975 4.49204
439.016 4.47375
439.057 4.48576
439.098 4.48393
439.139 4.47430
439.180 4.46923
439.221 4.44862
439.262 4.39071
439.304 4.47038
439.345 4.48361
439.386 4.50021
439.427 4.45338
439.468 4.47823
439.509 4.51724
439.550 4.48836
439.591 4.52618
439.632 4.49458
439.673 4.46215
439.714 4.48506
439.755 4.50293
439.796 4.48278
439.837 4.50064
439.878 4.50079
439.919 4.49897
439.960 4.51424
440.001 4.51903
440.042 4.50730
440.083 4.49563
440.124 4.48211
440.165 4.51170
440.206 4.51644
440.247 4.51195
440.288 4.51276
440.329 4.54268
440.370 4.62521
440.410 4.48647
440.451 4.51927
440.492 4.49198
440.533 4.52941
440.574 4.54212
440.615 4.50214
440.656 4.52391
440.697 4.54982
440.738 4.54730
440.779 4.58814
440.819 4.56221
440.860 4.48106
440.901 4.54780
440.942 4.55923
440.983 4.56335
441.024 4.67754
441.064 4.55958
441.105 4.58442
441.146 4.53536
441.187 4.57863
441.228 4.64228
441.268 4.54236
441.309 4.53263
441.350 4.56440
441.391 4.53223
441.432 4.66046
441.472 4.53380
441.513 4.53980
441.554 4.57496
441.595 4.66026
441.635 4.57918
441.676 4.55410
441.717 4.53587
441.758 4.69531
441.798 4.58827
441.839 4.54735
441.880 4.57451
441.921 4.69917
441.961 4.57738
442.002 4.55305
442.043 4.66027
442.083 4.55527
442.124 4.59108
442.165 4.69912
442.205 4.57071
442.246 4.57939
442.287 4.71377
442.327 4.57171
442.368 4.58633
442.409 4.71198
442.449 4.58984
442.490 4.57081
442.531 4.68653
442.571 4.55268
442.612 4.68875
442.652 4.64462
442.693 4.58117
442.734 4.72847
442.774 4.63132
442.815 4.70619
442.855 4.58951
442.896 4.71586
442.936 4.65256
442.977 4.64991
443.018 4.68044
443.058 4.60055
443.099 4.71562
443.139 4.58818
443.180 4.71244
443.220 4.63684
443.261 4.71737
443.301 4.61764
443.342 4.73795
443.382 4.62380
443.423 4.73329
443.463 4.58109
443.504 4.69500
443.544 4.65558
443.585 4.73228
443.625 4.64964
443.666 4.73992
443.706 4.59339
443.747 4.72583
443.787 4.72794
443.827 4.57412
443.868 4.74302
443.908 4.61419
443.949 4.71411
443.989 4.58747
444.030 4.72571
444.070 4.73863
444.110 4.59100
444.151 4.76602
444.191 4.65452
444.232 4.77365
444.272 4.73159
444.312 4.60379
444.353 4.76835
444.393 4.76979
444.433 4.63889
444.474 4.75220
444.514 4.73403
444.554 4.66304
444.595 4.72748
444.635 4.68568
444.675 4.59669
444.716 4.72433
444.756 4.76216
444.796 4.60407
444.837 4.69866
444.877 4.74003
444.917 4.72872
444.957 4.62064
444.998 4.76521
445.038 4.75581
445.078 4.72435
445.118 4.61698
445.159 4.79403
445.199 4.72458
445.239 4.77506
445.279 4.62964
445.320 4.74681
445.360 4.75291
445.400 4.77932
445.440 4.56932
445.481 4.77938
445.521 4.74041
445.561 4.72384
445.601 4.71796
445.641 4.71475
445.681 4.63092
445.722 4.75610
445.762 4.74011
445.802 4.76628
445.842 4.71772
445.882 4.72177
445.922 4.65150
445.963 4.75840
446.003 4.73254
446.043 4.74253
446.083 4.70241
446.123 4.77003
446.163 4.75268
446.203 4.75606
446.243 4.73093
446.283 4.60022
446.324 4.74224
446.364 4.73438
446.404 4.73311
446.444 4.73844
446.484 4.72930
446.524 4.74516
446.564 4.73337
446.604 4.75192
446.644 4.74137
446.684 4.73683
446.724 4.70553
446.764 4.72382
446.804 4.78947
446.844 4.74429
446.884 4.75752
446.924 4.73782
446.964 4.76826
447.004 4.73136
447.044 4.75109
447.084 4.71845
447.124 4.74397
447.164 4.74531
447.204 4.78377
447.244 4.74411
447.284 4.69548
447.324 4.75011
447.364 4.77194
447.404 4.71887
447.444 4.89098
447.483 4.69839
447.523 4.69523
447.563 4.72624
447.603 4.73668
447.643 4.68841
447.683 4.76033
447.723 4.73488
447.763 4.69368
447.803 4.82990
447.842 4.74091
447.882 4.73378
447.922 4.76322
447.962 4.75732
448.002 4.75474
448.042 4.76790
448.082 4.87940
448.121 4.73663
448.161 4.69494
448.201 4.70267
448.241 4.73162
448.281 4.89369
448.320 4.70473
448.360 4.77866
448.400 4.74016
448.440 4.72476
448.480 4.85781
448.519 4.70947
448.559 4.70954
448.599 4.73524
448.639 4.86327
448.678 4.72569
448.718 4.70021
448.758 4.74633
448.798 4.84565
448.837 4.74189
448.877 4.68463
448.917 4.87019
448.956 4.72214
448.996 4.76727
449.036 4.86367
449.075 4.73827
449.115 4.73636
449.155 4.85258
449.194 4.72747
449.234 4.69331
449.274 4.82924
449.313 4.77007
449.353 4.73785
449.393 4.80550
449.432 4.74946
449.472 4.69738
449.512 4.80567
449.551 4.68060
449.591 4.84973
449.630 4.71968
449.670 4.70203
449.710 4.86291
449.749 4.67713
449.789 4.84926
449.828 4.71857
449.868 4.73827
449.908 4.84550
449.947 4.73581
449.987 4.85334
450.026 4.71750
450.066 4.82497
450.105 4.73845
450.145 4.82958
450.184 4.74679
450.224 4.88621
450.263 4.69523
450.303 4.83423
450.342 4.72095
450.382 4.85822
450.421 4.70099
450.461 4.82601
450.500 4.72043
450.540 4.84343
450.579 4.74004
450.619 4.84285
450.658 4.71369
450.698 4.86880
450.737 4.73321
450.777 4.83337
450.816 4.82126
450.855 4.73013
450.895 4.83921
450.934 4.70708
450.974 4.86762
451.013 4.73338
451.053 4.90091
451.092 4.88193
451.131 4.69854
451.171 4.82097
451.210 4.87549
451.249 4.70980
451.289 4.82299
451.328 4.73292
451.368 4.86974
451.407 4.84535
451.446 4.74740
451.486 4.85370
451.525 4.78550
451.564 4.72804
451.604 4.87048
451.643 4.81131
451.682 4.70458
451.722 4.84807
451.761 4.84554
451.800 4.87890
451.839 4.72879
451.879 4.83293
451.918 4.83803
451.957 4.84438
451.996 4.73323
452.036 4.81726
452.075 4.85522
452.114 4.88282
452.153 4.71288
452.193 4.84638
452.232 4.83252
452.271 4.85213
452.310 4.72160
452.350 4.91648
452.389 4.83635
452.428 4.87383
452.467 4.89182
452.506 4.71366
452.546 4.82514
452.585 4.88025
452.624 4.87643
452.663 4.89248
452.702 4.86815
452.741 4.76014
452.781 4.89371
452.820 4.91245
452.859 4.86181
452.898 4.85674
452.937 4.88473
452.976 4.88409
453.015 4.87517
453.054 4.73474
453.094 4.84609
453.133 4.88280
453.172 4.88855
453.211 4.91165
453.250 4.87515
453.289 4.87705
453.328 4.90837
453.367 4.89105
453.406 4.91218
453.445 4.87073
453.484 4.88148
453.523 4.95363
453.562 4.90571
453.601 4.89930
453.640 4.86689
453.679 4.87639
453.718 4.94757
453.757 4.88587
453.796 4.93650
453.835 4.90879
453.874 4.87130
453.913 4.92415
453.952 4.89087
453.991 4.91447
454.030 4.95185
454.069 4.90420
454.108 4.96546
454.147 4.93232
454.186 4.91432
454.225 4.93938
454.264 4.96590
454.303 4.95936
454.342 4.93471
454.381 4.92635
454.420 4.93146
454.459 5.13879
454.497 4.89383
454.536 4.99637
454.575 4.93709
454.614 4.95383
454.653 4.98175
454.692 4.99345
454.731 4.95304
454.770 5.08135
454.808 4.97435
454.847 4.96845
454.886 4.96838
454.925 5.00163
454.964 4.95469
455.003 5.09365
455.041 5.00080
455.080 4.99810
455.119 4.98169
455.158 5.01238
455.197 5.13882
455.235 4.98024
455.274 4.97692
455.313 5.01473
455.352 4.98003
455.391 5.18738
455.429 5.01060
455.468 5.01511
455.507 5.01371
455.546 5.15571
455.584 4.97126
455.623 5.01808
455.662 5.04509
455.701 5.13789
455.739 5.03628
455.778 5.05813
455.817 5.18974
455.855 5.05394
455.894 5.06982
455.933 5.18537
455.971 5.02852
456.010 5.04693
456.049 5.20079
456.087 5.00146
456.126 5.02623
456.165 5.22381
456.203 5.10597
456.242 5.04241
456.281 5.18994
456.319 5.07003
456.358 5.07528
456.397 5.19641
456.435 5.08375
456.474 5.13962
456.512 5.10838
456.551 5.08676
456.590 5.22255
456.628 5.09390
456.667 5.15189
456.705 5.12601
456.744 5.21045
456.782 5.07873
456.821 5.13717
456.860 5.24305
456.898 5.09239
456.937 5.24831
456.975 5.13256
457.014 5.25084
457.052 5.13294
457.091 5.26024
457.129 5.14285
457.168 5.23515
457.206 5.15351
457.245 5.30651
457.283 5.14502
457.322 5.32672
457.360 5.13657
457.399 5.32423
457.437 5.21183
457.476 5.33879
457.514 5.26633
457.552 5.17880
457.591 5.35613
457.629 5.17301
457.668 5.34864
457.706 5.17954
457.745 5.33829
457.783 5.37097
457.821 5.17155
457.860 5.34131
457.898 5.21530
457.937 5.31343
457.975 5.29437
458.013 5.25952
458.052 5.30383
458.090 5.21785
458.129 5.37068
458.167 5.31313
458.205 5.24520
458.244 5.36153
458.282 5.39072
458.320 5.23274
458.359 5.37094
458.397 5.37721
458.435 5.26436
458.474 5.40412
458.512 5.41043
458.550 5.41964
458.588 5.27339
458.627 5.41120
458.665 5.39588
458.703 5.25453
458.742 5.42508
458.780 5.40750
458.818 5.47886
458.856 5.30021
458.895 5.39531
458.933 5.49593
458.971 5.48383
459.009 5.32282
459.048 5.43198
459.086 5.48971
459.124 5.44902
459.162 5.46415
459.200 5.34104
459.239 5.47687
459.277 5.40250
459.315 5.48969
459.353 5.46220
459.391 5.32550
459.430 5.45513
459.468 5.48496
459.506 5.47736
459.544 5.50963
459.582 5.55280
459.620 5.48985
459.658 5.34454
459.697 5.47318
459.735 5.50757
459.773 5.47707
459.811 5.51593
459.849 5.55306
459.887 5.44428
459.925 5.49665
459.963 5.49638
460.001 5.55570
460.039 5.40126
460.078 5.48601
460.116 5.53610
460.154 5.50020
460.192 5.50585
460.230 5.53373
460.268 5.54240
460.306 5.57444
460.344 5.56661
460.382 5.60194
460.420 5.53832
460.458 5.55670
460.496 5.59793
460.534 5.54715
460.572 5.56557
460.610 5.58792
460.648 5.59744
460.686 5.60095
460.724 5.53823
460.762 5.61555
460.800 5.63283
460.838 5.56498
460.876 5.60925
460.914 5.60359
460.952 5.66234
460.990 5.60678
461.028 5.75408
461.065 5.63821
461.103 5.65787
461.141 5.66683
461.179 5.60894
461.217 5.67311
461.255 5.64419
461.293 5.67470
461.331 5.65502
461.369 5.65158
461.407 5.84455
461.444 5.68262
461.482 5.67995
461.520 5.69981
461.558 5.73877
461.596 5.64569
461.634 5.70493
461.672 5.86359
461.709 5.67702
461.747 5.74552
461.785 5.72464
461.823 5.65589
461.861 5.86087
461.898 5.72662
461.936 5.73412
461.974 5.73531
462.012 5.69657
462.050 5.83503
462.087 5.73099
462.125 5.72120
462.163 5.74755
462.201 5.91794
462.238 5.69748
462.276 5.70718
462.314 5.73888
462.352 5.94733
462.389 5.73417
462.427 5.76847
462.465 5.70219
462.503 5.88876
462.540 5.81361
462.578 5.77558
462.616 5.95174
462.653 5.76525
462.691 5.78788
462.729 5.93080
462.766 5.78703
462.804 5.80741
462.842 5.96554
462.879 5.73925
462.917 5.75846
462.955 5.98734
462.992 5.82936
463.030 5.80642
463.068 6.03520
463.105 5.79439
463.143 5.99917
463.180 5.85300
463.218 5.85014
463.256 5.98124
463.293 5.86059
463.331 6.01932
463.368 5.82737
463.406 5.87465
463.444 6.02459
463.481 5.82361
463.519 6.02698
463.556 5.82514
463.594 6.00692
463.631 5.85242
463.669 6.02258
463.706 5.85878
463.744 6.00093
463.781 5.85546
463.819 5.87359
463.857 6.02355
463.894 5.88977
463.932 6.06526
463.969 5.88232
464.007 6.06258
464.044 6.06886
464.081 5.91523
464.119 6.09407
464.156 5.91423
464.194 6.07187
464.231 5.89934
464.269 6.07342
464.306 5.89265
464.344 6.01489
464.381 6.11000
464.418 5.92890
464.456 6.08354
464.493 5.97433
464.531 6.03482
464.568 5.96661
464.606 6.10093
464.643 6.14049
464.680 5.91311
464.718 6.12060
464.755 6.13290
464.792 5.97013
464.830 6.15153
464.867 5.97660
464.905 6.08497
464.942 6.15418
464.979 6.02370
465.017 6.08594
465.054 6.15684
465.091 5.94451
465.129 6.16177
465.166 6.05386
465.203 6.16240
465.240 5.96470
465.278 6.15699
465.315 6.16330
465.352 5.98887
465.390 6.20715
465.427 6.20138
465.464 6.15591
465.501 5.93888
465.539 6.15997
465.576 6.15425
465.613 6.17431
465.650 6.02726
465.688 6.16116
465.725 6.17260
465.762 6.19445
465.799 6.02921
465.837 6.20716
465.874 6.20401
465.911 6.18270
465.948 6.14791
465.985 6.00467
466.023 6.21468
466.060 6.26488
466.097 6.20397
466.134 6.19390
466.171 6.19676
466.208 6.01139
466.246 6.25125
466.283 6.26472
466.320 6.19015
466.357 6.21632
466.394 6.19933
466.431 6.19184
466.468 6.06453
466.506 6.23045
466.543 6.22117
466.580 6.22319
466.617 6.21913
466.654 6.18668
466.691 6.25622
466.728 6.34073
466.765 6.28485
466.802 6.23867
466.839 6.30751
466.876 6.28738
466.913 6.31689
466.950 6.28968
466.987 6.13646
467.025 6.29191
467.062 6.35545
467.099 6.32970
467.136 6.27597
467.173 6.34178
467.210 6.31173
467.247 6.30044
467.284 6.28751
467.321 6.38324
467.358 6.27655
467.395 6.32002
467.432 6.30078
467.469 6.53833
467.505 6.34390
467.542 6.35669
467.579 6.37127
467.616 6.34280
467.653 6.36363
467.690 6.30512
467.727 6.38117
467.764 6.34102
467.801 6.38884
467.838 6.39719
467.875 6.39559
467.912 6.33217
467.949 6.34039
467.986 6.58041
468.022 6.41184
468.059 6.36697
468.096 6.38422
468.133 6.39343
468.170 6.42359
468.207 6.33398
468.244 6.56985
468.280 6.40516
468.317 6.42167
468.354 6.47872
468.391 6.45130
468.428 6.44687
468.465 6.57757
468.501 6.38745
468.538 6.44472
468.575 6.39233
468.612 6.45701
468.649 6.60746
468.685 6.43545
468.722 6.41657
468.759 6.42673
468.796 6.42331
468.833 6.66776
468.869 6.50255
468.906 6.49903
468.943 6.48717
468.980 6.73365
469.016 6.46817
469.053 6.45736
469.090 0.06003
473.184 0.00000
473.411 0.00000
473.638 0.00000
473.865 0.00000
474.092 0.00000
474.319 0.00000
474.546 0.00000
474.773 0.00000
475.000 0.00000
475.227 0.00000
475.454 0.00000
475.681 0.00000
475.908 0.00000
476.135 0.00000
476.362 0.00000
476.588 0.00000
476.815 0.00000
477.042 0.00000
477.269 0.00000
477.496 0.00000
477.722 0.00000
477.949 0.00000
478.176 0.00000
478.402 0.00000
478.629 0.00000
478.856 0.00000
479.083 0.00000
479.309 0.00000
479.536 0.00000
479.762 0.00000
479.989 0.00000
480.216 0.00000
480.442 0.00000
480.669 0.00000
480.895 0.00000
481.122 0.00000
481.348 0.00000
481.575 0.00000
481.801 0.00000
482.028 0.00000
482.254 0.00000
482.480 0.00000
482.707 0.00000
482.933 0.00000
483.160 0.00000
483.386 0.00000
483.612 0.00000
483.839 0.00000
484.065 0.00000
484.291 0.00000
484.517 0.00000
484.744 0.00000
484.970 0.00000
485.196 0.00000
485.422 0.00000
485.648 0.00000
485.875 0.00000
486.101 0.00000
486.327 0.00000
486.553 0.00000
486.779 0.00000
487.005 0.00000
487.231 0.00000
487.457 0.00000
487.683 0.00000
487.909 0.00000
488.135 0.00000
488.361 0.00000
488.587 0.00000
488.813 0.00000
489.039 0.00000
489.265 0.00000
489.491 0.00000
489.717 0.00000
489.943 0.00000
490.169 0.00000
490.395 0.00000
490.620 0.00000
490.846 0.00000
491.072 0.00000
491.298 0.00000
491.524 0.00000
491.749 0.00000
491.975 0.00000
492.201 0.00000
492.427 0.00000
492.652 0.00000
492.878 0.00000
493.104 0.00000
493.329 0.00000
493.555 0.00000
493.780 0.00000
494.006 0.00000
494.232 0.00000
494.457 0.00000
494.683 0.00000
494.908 0.00000
495.134 0.00000
495.359 0.00000
495.585 0.00000
495.810 0.00000
496.036 0.00000
496.261 0.00000
496.487 0.00000
496.712 0.00000
496.937 0.00000
497.163 0.00000
497.388 0.00000
497.613 0.00000
497.839 0.00000
498.064 0.00000
498.289 0.00000
498.515 0.00000
498.740 0.00000
498.965 0.00000
499.190 0.00000
499.416 0.00000
499.641 0.00000
499.866 0.00000
500.091 0.00000
500.316 0.00000
500.541 0.00000
500.767 0.00000
500.992 0.00000
501.217 0.00000
501.442 0.00000
501.667 0.00000
501.892 0.00000
502.117 0.00000
502.342 0.00000
502.567 0.00000
502.792 0.00000
503.017 0.00000
503.242 0.00000
503.467 0.00000
503.692 0.00000
503.917 0.00000
504.141 0.00000
504.366 0.00000
504.591 0.00000
504.816 0.00000
505.041 0.00000
505.266 0.00000
505.490 0.00000
505.715 0.00000
505.940 0.00000
506.165 0.00000
506.389 0.00000
506.614 0.00000
506.839 0.00000
507.064 0.00000
507.288 0.00000
507.513 0.00000
507.737 0.00000
507.962 0.00000
508.187 0.00000
508.411 0.00000
508.636 0.00000
508.860 0.00000
509.085 0.00000
509.310 0.00000
509.534 0.00000
509.759 0.00000
509.983 0.00000
510.207 0.00000
510.432 0.00000
510.656 0.00000
510.881 0.00000
511.105 0.00000
511.330 0.00000
511.554 0.00000
511.778 0.00000
512.003 0.00000
512.227 0.00000
512.451 0.00000
512.676 0.00000
512.900 0.00000
513.124 0.00000
513.348 0.00000
513.573 0.00000
513.797 0.00000
514.021 0.00000
514.245 0.00000
514.469 0.00000
514.694 0.00000
514.918 0.00000
515.142 0.00000
515.366 0.00000
515.590 0.00000
515.814 0.00000
516.038 0.00000
516.262 0.00000
516.486 0.00000
516.710 0.00000
516.934 0.00000
517.158 0.00000
517.382 0.00000
517.606 0.00000
517.830 0.00000
518.054 0.00000
518.278 0.00000
518.502 0.00000
518.726 0.00000
518.950 0.00000
519.173 0.00000
519.397 0.00000
519.621 0.00000
519.845 0.00000
520.069 0.00000
520.292 0.00000
520.516 0.00000
520.740 0.00000
520.964 0.00000
521.187 0.00000
521.411 0.00000
521.635 0.00000
521.858 0.00000
522.082 0.00000
522.306 0.00000
522.529 0.00000
522.753 0.00000
522.977 0.00000
523.200 0.00000
523.424 0.00000
523.647 0.00000
523.871 0.00000
524.094 0.00000
524.318 0.00000
524.541 0.00000
524.765 0.00000
524.988 0.00000
525.212 0.00000
525.435 0.00000
525.658 0.00000
525.882 0.00000
526.105 0.00000
526.328 0.00000
526.552 0.00000
526.775 0.00000
526.998 0.00000
527.222 0.00000
527.445 0.00000
527.668 0.00000
527.892 0.00000
528.115 0.00000
528.338 0.00000
528.561 0.00000
528.784 0.00000
529.008 0.00000
529.231 0.00000
529.454 0.00000
529.677 0.00000
529.900 0.00000
530.123 0.00000
530.346 0.00000
530.569 0.00000
530.793 0.00000
531.016 0.00000
531.239 0.00000
531.462 0.00000
531.685 0.00000
531.908 0.00000
532.131 0.00000
532.354 0.00000
532.576 0.00000
532.799 0.00000
533.022 0.00000
533.245 0.00000
533.468 0.00000
533.691 0.00000
533.914 0.00000
534.137 0.00000
534.359 0.00000
534.582 0.00000
534.805 0.00000
535.028 0.00000
535.251 0.00000
535.473 0.00000
535.696 0.00000
535.919 0.00000
536.141 0.00000
536.364 0.00000
536.587 0.00000
536.809 0.00000
537.032 0.00000
537.255 0.00000
537.477 0.00000
537.700 0.00000
537.922 0.00000
538.145 0.00000
538.368 0.00000
538.590 0.00000
538.813 0.00000
539.035 0.00000
539.258 0.00000
539.480 0.00000
539.703 0.00000
539.925 0.00000
540.147 0.00000
540.370 0.00000
540.592 0.00000
540.815 0.00000
541.037 0.00000
541.259 0.00000
541.482 0.00000
541.704 0.00000
541.926 0.00000
542.149 0.00000
542.371 0.00000
542.593 0.00000
542.815 0.00000
543.038 0.00000
543.260 0.00000
543.482 0.00000
543.704 0.00000
543.926 0.00000
544.148 0.00000
544.371 0.00000
544.593 0.00000
544.815 0.00000
545.037 0.00000
545.259 0.00000
545.481 0.00000
545.703 0.00000
545.925 0.00000
546.147 0.00000
546.369 0.00000
546.591 0.00000
546.813 0.00000
547.035 0.00000
547.257 0.00000
547.479 0.00000
547.701 0.00000
547.923 0.00000
548.145 0.00000
548.367 0.00000
548.589 0.00000
548.810 0.00000
549.032 0.00000
549.254 0.00000
549.476 0.00000
549.698 0.00000
549.919 0.00000
550.141 0.00000
550.363 0.00000
550.585 0.00000
550.806 0.00000
551.028 0.00000
551.250 0.00000
551.471 0.00000
551.693 0.00000
551.915 0.00000
552.136 0.00000
552.358 0.00000
552.580 0.00000
552.801 0.00000
553.023 0.00000
553.244 0.00000
553.466 0.00000
553.687 0.00000
553.909 0.00000
554.130 0.00000
554.352 0.00000
554.573 0.00000
554.795 0.00000
555.016 0.00000
555.238 0.00000
555.459 0.00000
555.680 0.00000
555.902 0.00000
556.123 0.00000
556.344 0.00000
556.566 0.00000
556.787 0.00000
557.008 0.00000
557.230 0.00000
557.451 0.00000
557.672 0.00000
557.893 0.00000
558.115 0.00000
558.336 0.00000
558.557 0.00000
558.778 0.00000
558.999 0.00000
559.221 0.00000
559.442 0.00000
559.663 0.00000
559.884 0.00000
560.105 0.00000
560.326 0.00000
560.547 0.00000
560.768 0.00000
560.989 0.00000
561.210 0.00000
561.431 0.00000
561.652 0.00000
561.873 0.00000
562.094 0.00000
562.315 0.00000
562.536 0.00000
562.757 0.00000
562.978 0.00000
563.199 0.00000
563.420 0.00000
563.641 0.00000
563.861 0.00000
564.082 0.00000
564.303 0.00000
564.524 0.00000
564.745 0.00000
564.965 0.00000
565.186 0.00000
565.407 0.00000
565.628 0.00000
565.848 0.00000
566.069 0.00000
566.290 0.00000
566.510 0.00000
566.731 0.00000
566.952 0.00000
567.172 0.00000
567.393 0.00000
567.614 0.00000
567.834 0.00000
568.055 0.00000
568.275 0.00000
568.496 0.00000
568.716 0.00000
568.937 0.00000
569.157 0.00000
569.378 0.00000
569.598 0.00000
569.819 0.00000
570.039 0.00000
570.260 0.00000
570.480 0.00000
570.700 0.00000
570.921 0.00000
571.141 0.00000
571.361 0.00000
571.582 0.00000
571.802 0.00000
572.022 0.00000
572.243 0.00000
572.463 0.00000
572.683 0.00000
572.903 0.00000
573.124 0.00000
573.344 0.00000
573.564 0.00000
573.784 0.00000
574.005 0.00000
574.225 0.00000
574.445 0.00000
574.665 0.00000
574.885 0.00000
575.105 0.00000
575.325 0.00000
575.545 0.00000
575.765 0.00000
575.985 0.00000
576.205 0.00000
576.425 0.00000
576.645 0.00000
576.865 0.00000
577.085 0.00000
577.305 0.00000
577.525 0.00000
577.745 0.00000
577.965 0.00000
578.185 0.00000
578.405 0.00000
578.625 0.00000
578.845 0.00000
579.065 0.00000
579.284 0.00000
579.504 0.00000
579.724 0.00000
579.944 0.00000
580.164 0.00000
580.383 0.00000
580.603 0.00000
580.823 0.00000
581.042 0.00000
581.262 0.00000
581.482 0.00000
581.701 0.00000
581.921 0.00000
582.141 0.00000
582.360 0.00000
582.580 0.00000
582.800 0.00000
583.019 0.00000
583.239 0.00000
583.458 0.00000
583.678 0.00000
583.897 0.00000
584.117 0.00000
584.336 0.00000
584.556 0.00000
584.775 0.00000
584.995 0.00000
585.214 0.00000
585.434 0.00000
585.653 0.00000
585.872 0.00000
586.092 0.00000
586.311 0.00000
586.531 0.00000
586.750 0.00000
586.969 0.00000
587.188 0.00000
587.408 0.00000
587.627 0.00000
587.846 0.00000
588.066 0.00000
588.285 0.00000
588.504 0.00000
588.723 0.00000
588.942 0.00000
589.162 0.00000
589.381 0.00000
589.600 0.00000
589.819 0.00000
590.038 0.00000
590.257 0.00000
590.476 0.00000
590.695 0.00000
590.914 0.00000
591.134 0.00000
591.353 0.00000
591.572 0.00000
591.791 0.00000
592.010 0.00000
592.229 0.00000
592.448 0.00000
592.666 0.00000
592.885 0.00000
593.104 0.00000
593.323 0.00000
593.542 0.00000
593.761 0.00000
593.980 0.00000
594.199 0.00000
594.417 0.00000
594.636 0.00000
594.855 0.00000
595.074 0.00000
595.293 0.00000
595.511 0.00000
595.730 0.00000
595.949 0.00000
596.168 0.00000
596.386 0.00000
596.605 0.00000
596.824 0.00000
597.042 0.00000
597.261 0.00000
597.480 0.00000
597.698 0.00000
597.917 0.00000
598.135 0.00000
598.354 0.00000
598.573 0.00000
598.791 0.00000
599.010 0.00000
599.228 0.00000
599.447 0.00000
599.665 0.00000
599.884 0.00000
600.102 0.00000
600.320 0.00000
600.539 0.00000
600.757 0.00000
600.976 0.00000
601.194 0.00000
601.412 0.00000
601.631 0.00000
601.849 0.00000
602.068 0.00000
602.286 0.00000
602.504 0.00000
602.722 0.00000
602.941 0.00000
603.159 0.00000
603.377 0.00000
603.595 0.00000
603.814 0.00000
604.032 0.00000
604.250 0.00000
604.468 0.00000
604.686 0.00000
604.904 0.00000
605.123 0.00000
605.341 0.00000
605.559 0.00000
605.777 0.00000
605.995 0.00000
606.213 0.00000
606.431 0.00000
606.649 0.00000
606.867 0.00000
607.085 0.00000
607.303 0.00000
607.521 0.00000
607.739 0.00000
607.957 0.00000
608.175 0.00000
608.393 0.00000
608.611 0.00000
608.829 0.00000
609.046 0.00000
609.264 0.00000
609.482 0.00000
609.700 0.00000
609.918 0.00000
610.136 0.00000
610.353 0.00000
610.571 0.00000
610.789 0.00000
611.007 0.00000
611.224 0.00000
611.442 0.00000
611.660 0.00000
611.877 0.00000
612.095 0.00000
612.313 0.00000
612.530 0.00000
612.748 0.00000
612.966 0.00000
613.183 0.00000
613.401 0.00000
613.618 0.00000
613.836 0.00000
614.053 0.00000
614.271 0.00000
614.489 0.00000
614.706 0.00000
614.924 0.00000
615.141 0.00000
615.358 0.00000
615.576 0.00000
615.793 0.00000
616.011 0.00000
616.228 0.00000
616.445 0.00000
616.663 0.00000
616.880 0.00000
617.098 0.00000
617.315 0.00000
617.532 0.00000
617.749 0.00000
617.967 0.00000
618.184 0.00000
618.401 0.00000
618.619 0.00000
618.836 0.00000
619.053 0.00000
619.270 0.00000
619.487 0.00000
619.704 0.00000
619.922 0.00000
620.139 0.00000
620.356 0.00000
620.573 0.00000
620.790 0.00000
621.007 0.00000
621.224 0.00000
621.441 0.00000
621.658 0.00000
621.875 0.00000
622.092 0.00000
622.309 0.00000
622.526 0.00000
622.743 0.00000
622.960 0.00000
623.177 0.00000
623.394 0.00000
623.611 0.00000
623.828 0.00000
624.045 0.00000
624.262 0.00000
624.479 0.00000
624.695 0.00000
624.912 0.00000
625.129 0.00000
625.346 0.00000
625.563 0.00000
625.779 0.00000
625.996 0.00000
626.213 0.00000
626.430 0.00000
626.646 0.00000
626.863 0.00000
627.080 0.00000
627.296 0.00000
627.513 0.00000
627.730 0.00000
627.946 0.00000
628.163 0.00000
628.379 0.00000
628.596 0.00000
628.813 0.00000
629.029 0.00000
629.246 0.00000
629.462 0.00000
629.679 0.00000
629.895 0.00000
630.112 0.00000
630.328 0.00000
630.545 0.00000
630.761 0.00000
630.977 0.00000
631.194 0.00000
631.410 0.00000
631.627 0.00000
631.843 0.00000
632.059 0.00000
632.276 0.00000
632.492 0.00000
632.708 0.00000
632.925 0.00000
633.141 0.00000
633.357 0.00000
633.573 0.00000
633.790 0.00000
634.006 0.00000
634.222 0.00000
634.438 0.00000
634.654 0.00000
634.871 0.00000
635.087 0.00000
635.303 0.00000
635.519 0.00000
635.735 0.00000
635.951 0.00000
636.167 0.00000
636.383 0.00000
636.599 0.00000
636.815 0.00000
637.031 0.00000
637.247 0.00000
637.463 0.00000
637.679 0.00000
637.895 0.00000
638.111 0.00000
638.327 0.00000
638.543 0.00000
638.759 0.00000
638.975 0.00000
639.191 0.00000
639.407 0.00000
639.622 0.00000
639.838 0.00000
640.054 0.00000
640.270 0.00000
640.486 0.00000
640.702 0.00000
640.917 0.00000
641.133 0.00000
641.349 0.00000
641.564 0.00000
641.780 0.00000
641.996 0.00000
642.212 0.00000
642.427 0.00000
642.643 0.00000
642.858 0.00000
643.074 0.00000
643.290 0.00000
643.505 0.00000
643.721 0.00000
643.936 0.00000
644.152 0.00000
644.367 0.00000
644.583 0.00000
644.799 0.00000
645.014 0.00000
645.229 0.00000
645.445 0.00000
645.660 0.00000
645.876 0.00000
646.091 0.00000
646.307 0.00000
646.522 0.00000
646.737 0.00000
646.953 0.00000
647.168 0.00000
647.383 0.00000
647.599 0.00000
647.814 0.00000
648.029 0.00000
648.245 0.00000
648.460 0.00000
648.675 0.00000
648.890 0.00000
649.106 0.00000
649.321 0.00000
649.536 0.00000
649.751 0.00000
649.966 0.00000
650.181 0.00000
650.396 0.00000
650.612 0.00000
650.827 0.00000
651.042 0.00000
651.257 0.00000
651.472 0.00000
651.687 0.00000
651.902 0.00000
652.117 0.00000
652.332 0.00000
652.547 0.00000
652.762 0.00000
652.977 0.00000
653.192 0.00000
653.407 0.00000
653.622 0.00000
653.837 0.00000
654.051 0.00000
654.266 0.00000
654.481 0.00000
654.696 0.00000
654.911 0.00000
655.126 0.00000
655.340 0.00000
655.555 0.00000
655.770 0.00000
655.985 0.00000
656.199 0.00000
656.414 0.00000
656.629 0.00000
656.844 0.00000
657.058 0.00000
657.273 0.00000
657.488 0.00000
657.702 0.00000
657.917 0.00000
658.131 0.00000
658.346 0.00000
658.561 0.00000
658.775 0.00000
658.990 0.00000
659.204 0.00000
659.419 0.00000
659.633 0.00000
659.848 0.00000
660.062 0.00000
660.277 0.00000
660.491 0.00000
660.706 0.00000
660.920 0.00000
661.134 0.00000
661.349 0.00000
661.563 0.00000
661.777 0.00000
661.992 0.00000
662.206 0.00000
662.420 0.00000
662.635 0.00000
662.849 0.00000
663.063 0.00000
663.278 0.00000
663.492 0.00000
663.706 0.00000
663.920 0.00000
664.134 0.00000
664.349 0.00000
664.563 0.00000
664.777 0.00000
664.991 0.00000
665.205 0.00000
665.419 0.00000
665.633 0.00000
665.848 0.00000
666.062 0.00000
666.276 0.00000
666.490 0.00000
666.704 0.00000
666.918 0.00000
667.132 0.00000
667.346 0.00000
667.560 0.00000
667.774 0.00000
667.988 0.00000
668.201 0.00000
668.415 0.00000
668.629 0.00000
668.843 0.00000
669.057 0.00000
669.271 0.00000
669.485 0.00000
669.699 0.00000
669.912 0.00000
670.126 0.00000
670.340 0.00000
670.554 0.00000
670.767 0.00000
670.981 0.00000
671.195 0.00000
671.409 0.00000
671.622 0.00000
671.836 0.00000
672.050 0.00000
672.263 0.00000
672.477 0.00000
672.690 0.00000
672.904 0.00000
673.118 0.00000
673.331 0.00000
673.545 0.00000
673.758 0.00000
673.972 0.00000
674.185 0.00000
674.399 0.00000
674.612 0.00000
674.826 0.00000
675.039 0.00000
675.253 0.00000
675.466 0.00000
675.680 0.00000
675.893 0.00000
676.106 0.00000
676.320 0.00000
676.533 0.00000
676.746 0.00000
676.960 0.00000
677.173 0.00000
677.386 0.00000
677.600 0.00000
677.813 0.00000
678.026 0.00000
678.239 0.00000
678.453 0.00000
678.666 0.00000
678.879 0.00000
679.092 0.00000
679.305 0.00000
679.518 0.00000
679.732 0.00000
679.945 0.00000
680.158 0.00000
680.371 0.00000
680.584 0.00000
680.797 0.00000
681.010 0.00000
681.223 0.00000
681.436 0.00000
681.649 0.00000
681.862 0.00000
682.075 0.00000
682.288 0.00000
682.501 0.00000
682.714 0.00000
682.927 0.00000
683.140 0.00000
683.353 0.00000
683.565 0.00000
683.778 0.00000
683.991 0.00000
684.204 0.00000
684.417 0.00000
684.630 0.00000
684.842 0.00000
685.055 0.00000
685.268 0.00000
685.481 0.00000
685.693 0.00000
685.906 0.00000
686.119 0.00000
686.331 0.00000
686.544 0.00000
686.757 0.00000
686.969 0.00000
687.182 0.00000
687.394 0.00000
687.607 0.00000
687.820 0.00000
688.032 0.00000
688.245 0.00000
688.457 0.00000
688.670 0.00000
688.882 0.00000
689.095 0.00000
689.307 0.00000
689.520 0.00000
689.732 0.00000
689.944 0.00000
690.157 0.00000
690.369 0.00000
690.582 0.00000
690.794 0.00000
691.006 0.00000
691.219 0.00000
691.431 0.00000
691.643 0.00000
691.856 0.00000
692.068 0.00000
692.280 0.00000
692.492 0.00000
692.705 0.00000
692.917 0.00000
693.129 0.00000
693.341 0.00000
693.553 0.00000
693.765 0.00000
693.978 0.00000
694.190 0.00000
694.402 0.00000
694.614 0.00000
694.826 0.00000
695.038 0.00000
695.250 0.00000
695.462 0.00000
695.674 0.00000
695.886 0.00000
696.098 0.00000
696.310 0.00000
696.522 0.00000
696.734 0.00000
696.946 0.00000
697.158 0.00000
697.370 0.00000
697.582 0.00000
697.794 0.00000
698.005 0.00000
698.217 0.00000
698.429 0.00000
698.641 0.00000
698.853 0.00000
699.064 0.00000
699.276 0.00000
699.488 0.00000
699.700 0.00000
699.911 0.00000
700.123 0.00000
700.335 0.00000
700.546 0.00000
700.758 0.00000
700.970 0.00000
701.181 0.00000
701.393 0.00000
701.605 0.00000
701.816 0.00000
702.028 0.00000
702.239 0.00000
702.451 0.00000
702.662 0.00000
702.874 0.00000
703.085 0.00000
703.297 0.00000
703.508 0.00000
703.720 0.00000
703.931 0.00000
704.143 0.00000
704.354 0.00000
704.565 0.00000
704.777 0.00000
704.988 0.00000
705.199 0.00000
705.411 0.00000
705.622 0.00000
705.833 0.00000
706.045 0.00000
706.256 0.00000
706.467 0.00000
706.678 0.00000
706.890 0.00000
707.101 0.00000
707.312 0.00000
707.523 0.00000
707.734 0.00000
707.945 0.00000
708.157 0.00000
708.368 0.00000
708.579 0.00000
708.790 0.00000
709.001 0.00000
709.212 0.00000
709.423 0.00000
709.634 0.00000
709.845 0.00000
710.056 0.00000
710.267 0.00000
710.478 0.00000
710.689 0.00000
710.900 0.00000
711.111 0.00000
711.322 0.00000
711.533 0.00000
711.743 0.00000
711.954 0.00000
712.165 0.00000
712.376 0.00000
712.587 0.00000
712.797 0.00000
713.008 0.00000
713.219 0.00000
713.430 0.00000
713.641 0.00000
713.851 0.00000
714.062 0.00000
714.273 0.00000
714.483 0.00000
714.694 0.00000
714.905 0.00000
715.115 0.00000
715.326 0.00000
715.536 0.00000
715.747 0.00000
715.958 0.00000
716.168 0.00000
716.379 0.00000
716.589 0.00000
716.800 0.00000
717.010 0.00000
717.221 0.00000
717.431 0.00000
717.641 0.00000
717.852 0.00000
718.062 0.00000
718.273 0.00000
718.483 0.00000
718.693 0.00000
718.904 0.00000
719.114 0.00000
719.324 0.00000
719.535 0.00000
719.745 0.00000
719.955 0.00000
720.166 0.00000
720.376 0.00000
720.586 0.00000
720.796 0.00000
721.006 0.00000
721.217 0.00000
721.427 0.00000
721.637 0.00000
721.847 0.00000
722.057 0.00000
722.267 0.00000
722.477 0.00000
722.687 0.00000
722.897 0.00000
723.107 0.00000
723.318 0.00000
723.528 0.00000
723.737 0.00000
723.948 0.00000
724.157 0.00000
724.367 0.00000
724.577 0.00000
724.787 0.00000
724.997 0.00000
725.207 0.00000
725.417 0.00000
725.627 0.00000
725.837 0.00000
726.046 0.00000
726.256 0.00000
726.466 0.00000
726.676 0.00000
726.885 0.00000
727.095 0.00000
727.305 0.00000
727.515 0.00000
727.724 0.00000
727.934 0.00000
728.144 0.00000
728.353 0.00000
728.563 0.00000
728.773 0.00000
728.982 0.00000
729.192 0.00000
729.401 0.00000
729.611 0.00000
729.820 0.00000
730.030 0.00000
730.240 0.00000
730.449 0.00000
730.658 0.00000
730.868 0.00000
731.077 0.00000
731.287 0.00000
731.496 0.00000
731.706 0.00000
731.915 0.00000
732.124 0.00000
732.334 0.00000
732.543 0.00000
732.752 0.00000
732.962 0.00000
733.171 0.00000
733.380 0.00000
733.589 0.00000
733.799 0.00000
734.008 0.00000
734.217 0.00000
734.426 0.00000
734.635 0.00000
734.845 0.00000
735.054 0.00000
735.263 0.00000
735.472 0.00000
735.681 0.00000
735.890 0.00000
736.099 0.00000
736.308 0.00000
736.517 0.00000
736.726 0.00000
736.935 0.00000
737.144 0.00000
737.353 0.00000
737.562 0.00000
737.771 0.00000
737.980 0.00000
738.189 0.00000
738.398 0.00000
738.607 0.00000
738.816 0.00000
739.025 0.00000
739.233 0.00000
739.442 0.00000
739.651 0.00000
739.860 0.00000
740.069 0.00000
740.277 0.00000
740.486 0.00000
740.695 0.00000
740.903 0.00000
741.112 0.00000
741.321 0.00000
741.529 0.00000
741.738 0.00000
741.947 0.00000
742.155 0.00000
742.364 0.00000
742.572 0.00000
742.781 0.00000
742.990 0.00000
743.198 0.00000
743.407 0.00000
743.615 0.00000
743.824 0.00000
744.032 0.00000
744.240 0.00000
744.449 0.00000
744.657 0.00000
744.866 0.00000
745.074 0.00000
745.282 0.00000
745.491 0.00000
745.699 0.00000
745.907 0.00000
746.116 0.00000
746.324 0.00000
746.532 0.00000
746.741 0.00000
746.949 0.00000
747.157 0.00000
747.365 0.00000
747.573 0.00000
747.782 0.00000
747.990 0.00000
748.198 0.00000
748.406 0.00000
748.614 0.00000
748.822 0.00000
749.030 0.00000
749.238 0.00000
749.446 0.00000
749.654 0.00000
749.862 0.00000
750.070 0.00000
750.278 0.00000
750.486 0.00000
750.694 0.00000
750.902 0.00000
751.110 0.00000
751.318 0.00000
751.526 0.00000
751.734 0.00000
751.942 0.00000
752.149 0.00000
752.357 0.00000
752.565 0.00000
752.773 0.00000
752.981 0.00000
753.188 0.00000
753.396 0.00000
753.604 0.00000
753.811 0.00000
754.019 0.00000
754.227 0.00000
754.434 0.00000
754.642 0.00000
754.850 0.00000
755.057 0.00000
755.265 0.00000
755.472 0.00000
755.680 0.00000
755.888 0.00000
756.095 0.00000
756.303 0.00000
756.510 0.00000
756.718 0.00000
756.925 0.00000
757.132 0.00000
757.340 0.00000
757.547 0.00000
757.755 0.00000
757.962 0.00000
758.169 0.00000
758.377 0.00000
758.584 0.00000
758.791 0.00000
758.999 0.00000
759.206 0.00000
759.413 0.00000
759.620 0.00000
759.828 0.00000
760.035 0.00000
760.242 0.00000
760.449 0.00000
760.656 0.00000
760.863 0.00000
761.071 0.00000
761.278 0.00000
761.485 0.00000
761.692 0.00000
761.899 0.00000
762.106 0.00000
762.313 0.00000
762.520 0.00000
762.727 0.00000
762.934 0.00000
763.141 0.00000
763.348 0.00000
763.555 0.00000
763.762 0.00000
763.969 0.00000
764.175 0.00000
764.382 0.00000
764.589 0.00000
764.796 0.00000
765.003 0.00000
765.210 0.00000
765.416 0.00000
765.623 0.00000
765.830 0.00000
766.037 0.00000
766.243 0.00000
766.450 0.00000
766.657 0.00000
766.863 0.00000
767.070 0.00000
767.277 0.00000
767.483 0.00000
767.690 0.00000
767.896 0.00000
768.103 0.00000
768.310 0.00000
768.516 0.00000
768.723 0.00000
768.929 0.00000
769.135 0.00000
769.342 0.00000
769.548 0.00000
769.755 0.00000
769.961 0.00000
770.168 0.00000
770.374 0.00000
770.580 0.00000
770.787 0.00000
770.993 0.00000
771.199 0.00000
771.406 0.00000
771.612 0.00000
771.818 0.00000
772.024 0.00000
772.231 0.00000
772.437 0.00000
772.643 0.00000
772.849 0.00000
773.055 0.00000
773.261 0.00000
773.468 0.00000
773.674 0.00000
773.880 0.00000
774.086 0.00000
774.292 0.00000
774.498 0.00000
774.704 0.00000
774.910 0.00000
775.116 0.00000
775.322 0.00000
775.528 0.00000
775.734 0.00000
775.940 0.00000
776.146 0.00000
776.351 0.00000
776.557 0.00000
776.763 0.00000
776.969 0.00000
777.175 0.00000
777.381 0.00000
777.586 0.00000
777.792 0.00000
777.998 0.00000
778.204 0.00000
778.409 0.00000
778.615 0.00000
778.821 0.00000
779.026 0.00000
779.232 0.00000
779.438 0.00000
779.643 0.00000
779.849 0.00000
780.054 0.00000
780.260 0.00000
780.465 0.00000
780.671 0.00000
780.876 0.00000
781.082 0.00000
781.287 0.00000
781.493 0.00000
781.698 0.00000
781.904 0.00000
782.109 0.00000
782.314 0.00000
782.520 0.00000
782.725 0.00000
782.931 0.00000
783.136 0.00000
783.341 0.00000
783.546 0.00000
783.752 0.00000
783.957 0.00000
784.162 0.00000
784.367 0.00000
784.573 0.00000
784.778 0.00000
784.983 0.00000
785.188 0.00000
785.393 0.00000
785.598 0.00000
785.803 0.00000
786.008 0.00000
786.213 0.00000
786.418 0.00000
786.623 0.00000
786.828 0.00000
787.033 0.00000
787.238 0.00000
787.443 0.00000
787.648 0.00000
787.853 0.00000
788.058 0.00000
788.263 0.00000
788.468 0.00000
788.673 0.00000
788.878 0.00000
789.082 0.00000
789.287 0.00000
789.492 0.00000
789.697 0.00000
789.901 0.00000
790.106 0.00000
790.311 0.00000
790.516 0.00000
790.720 0.00000
790.925 0.00000
791.129 0.00000
791.334 0.00000
791.539 0.00000
791.743 0.00000
791.948 0.00000
792.152 0.00000
792.357 0.00000
792.561 0.00000
792.766 0.00000
792.970 0.00000
793.175 0.00000
793.379 0.00000
793.584 0.00000
793.788 0.00000
793.992 0.00000
794.197 0.00000
794.401 0.00000
794.605 0.00000
794.810 0.00000
795.014 0.00000
795.218 0.00000
795.423 0.00000
795.627 0.00000
795.831 0.00000
796.035 0.00000
796.240 0.00000
796.444 0.00000
796.648 0.00000
796.852 0.00000
797.056 0.00000
797.260 0.00000
797.464 0.00000
797.668 0.00000
797.872 0.00000
798.076 0.00000
798.280 0.00000
798.484 0.00000
798.688 0.00000
798.892 0.00000
799.096 0.00000
799.300 0.00000
799.504 0.00000
799.708 0.00000
799.912 0.00000
800.116 0.00000
800.320 0.00000
800.523 0.00000
800.727 0.00000
800.931 0.00000
801.135 0.00000
801.338 0.00000
801.542 0.00000
801.746 0.00000
801.949 0.00000
802.153 0.00000
802.357 0.00000
802.560 0.00000
802.764 0.00000
802.968 0.00000
803.171 0.00000
803.375 0.00000
803.578 0.00000
803.782 0.00000
803.985 0.00000
804.189 0.00000
804.392 0.00000
804.596 0.00000
804.799 0.00000
805.003 0.00000
805.206 0.00000
805.409 0.00000
805.613 0.00000
805.816 0.00000
806.019 0.00000
806.223 0.00000
806.426 0.00000
806.629 0.00000
806.833 0.00000
807.036 0.00000
807.239 0.00000
807.442 0.00000
807.645 0.00000
807.849 0.00000
808.052 0.00000
808.255 0.00000
808.458 0.00000
808.661 0.00000
808.864 0.00000
809.067 0.00000
809.270 0.00000
809.473 0.00000
809.676 0.00000
809.879 0.00000
810.082 0.00000
810.285 0.00000
810.488 0.00000
810.691 0.00000
810.894 0.00000
811.096 0.00000
811.299 0.00000
811.502 0.00000
811.705 0.00000
811.908 0.00000
812.111 0.00000
812.313 0.00000
812.516 0.00000
812.719 0.00000
812.921 0.00000
813.124 0.00000
813.327 0.00000
813.529 0.00000
813.732 0.00000
813.935 0.00000
814.137 0.00000
814.340 0.00000
814.542 0.00000
814.745 0.00000
814.947 0.00000
815.150 0.00000
815.352 0.00000
815.555 0.00000
815.757 0.00000
815.960 0.00000
816.162 0.00000
816.365 0.00000
816.567 0.00000
816.769 0.00000
816.971 0.00000
817.174 0.00000
817.376 0.00000
817.578 0.00000
817.781 0.00000
817.983 0.00000
818.185 0.00000
818.387 0.00000
818.589 0.00000
818.792 0.00000
818.994 0.00000
819.196 0.00000
819.398 0.00000
819.600 0.00000
819.802 0.00000
820.004 0.00000
820.206 0.00000
820.408 0.00000
820.610 0.00000
820.812 0.00000
821.014 0.00000
821.216 0.00000
821.418 0.00000
821.620 0.00000
821.822 0.00000
822.023 0.00000
822.225 0.00000
822.427 0.00000
822.629 0.00000
822.831 0.00000
823.033 0.00000
823.234 0.00000
823.436 0.00000
823.638 0.00000
823.839 0.00000
824.041 0.00000
824.243 0.00000
824.444 0.00000
824.646 0.00000
824.847 0.00000
825.049 0.00000
825.251 0.00000
825.452 0.00000
825.654 0.00000
825.855 0.00000
826.057 0.00000
826.258 0.00000
826.459 0.00000
826.661 0.00000
826.862 0.00000
827.064 0.00000
827.265 0.00000
827.466 0.00000
827.668 0.00000
827.869 0.00000
828.070 0.00000
828.272 0.00000
828.473 0.00000
828.674 0.00000
828.875 0.00000
829.076 0.00000
829.278 0.00000
829.479 0.00000
829.680 0.00000
829.881 0.00000
830.082 0.00000
830.283 0.00000
830.484 0.00000
830.685 0.00000
830.886 0.00000
831.087 0.00000
831.288 0.00000
831.489 0.00000
831.690 0.00000
831.891 0.00000
832.092 0.00000
832.293 0.00000
832.494 0.00000
832.694 0.00000
832.895 0.00000
833.096 0.00000
833.297 0.00000
833.498 0.00000
833.698 0.00000
833.899 0.00000
834.100 0.00000
834.300 0.00000
834.501 0.00000
834.702 0.00000
834.902 0.00000
835.103 0.00000
835.303 0.00000
835.504 0.00000
835.705 0.00000
835.905 0.00000
836.106 0.00000
836.306 0.00000
836.507 0.00000
836.707 0.00000
836.907 0.00000
837.108 0.00000
837.308 0.00000
837.509 0.00000
837.709 0.00000
837.909 0.00000
838.110 0.00000
838.310 0.00000
838.510 0.00000
838.710 0.00000
838.911 0.00000
839.111 0.00000
839.311 0.00000
839.511 0.00000
839.711 0.00000
839.911 0.00000
840.112 0.00000
840.312 0.00000
840.512 0.00000
840.712 0.00000
840.912 0.00000
841.112 0.00000
841.312 0.00000
841.512 0.00000
841.712 0.00000
841.912 0.00000
842.112 0.00000
842.311 0.00000
842.511 0.00000
842.711 0.00000
842.911 0.00000
843.111 0.00000
843.311 0.00000
843.510 0.00000
843.710 0.00000
843.910 0.00000
844.109 0.00000
844.309 0.00000
844.509 0.00000
844.708 0.00000
844.908 0.00000
845.108 0.00000
845.307 0.00000
845.507 0.00000
845.706 0.00000
845.906 0.00000
846.105 0.00000
846.305 0.00000
846.504 0.00000
846.704 0.00000
846.903 0.00000
847.103 0.00000
847.302 0.00000
847.501 0.00000
847.701 0.00000
847.900 0.00000
848.099 0.00000
848.299 0.00000
848.498 0.00000
848.697 0.00000
848.896 0.00000
849.096 0.00000
849.295 0.00000
849.494 0.00000
849.693 0.00000
849.892 0.00000
850.091 0.00000
850.290 0.00000
850.490 0.00000
850.689 0.00000
850.888 0.00000
851.087 0.00000
851.286 0.00000
851.484 0.00000
851.683 0.00000
851.882 0.00000
852.081 0.00000
852.280 0.00000
852.479 0.00000
852.678 0.00000
852.877 0.00000
853.075 0.00000
853.274 0.00000
853.473 0.00000
853.672 0.00000
853.870 0.00000
854.069 0.00000
854.268 0.00000
854.466 0.00000
854.665 0.00000
854.864 0.00000
855.062 0.00000
855.261 0.00000
855.459 0.00000
855.658 0.00000
855.856 0.00000
856.055 0.00000
856.253 0.00000
856.452 0.00000
856.650 0.00000
856.849 0.00000
857.047 0.00000
857.245 0.00000
857.444 0.00000
857.642 0.00000
857.840 0.00000
858.039 0.00000
858.237 0.00000
858.435 0.00000
858.633 0.00000
858.831 0.00000
859.030 0.00000
859.228 0.00000
859.426 0.00000
859.624 0.00000
859.822 0.00000
860.020 0.00000
860.218 0.00000
860.416 0.00000
860.614 0.00000
860.812 0.00000
861.010 0.00000
861.208 0.00000
861.406 0.00000
861.604 0.00000
861.802 0.00000
862.000 0.00000
862.198 0.00000
862.395 0.00000
862.593 0.00000
862.791 0.00000
862.989 0.00000
863.186 0.00000
863.384 0.00000
863.582 0.00000
863.779 0.00000
863.977 0.00000
864.175 0.00000
864.372 0.00000
864.570 0.00000
864.768 0.00000
864.965 0.00000
865.163 0.00000
865.360 0.00000
865.558 0.00000
865.755 0.00000
865.952 0.00000
866.150 0.00000
866.347 0.00000
866.545 0.00000
866.742 0.00000
866.939 0.00000
867.137 0.00000
867.334 0.00000
867.531 0.00000
867.728 0.00000
867.926 0.00000
868.123 0.00000
868.320 0.00000
868.517 0.00000
868.714 0.00000
868.911 0.00000
869.108 0.00000
869.306 0.00000
869.503 0.00000
869.700 0.00000
869.897 0.00000
870.094 0.00000
870.291 0.00000
870.488 0.00000
870.684 0.00000
870.881 0.00000
871.078 0.00000
871.275 0.00000
871.472 0.00000
871.669 0.00000
871.865 0.00000
872.062 0.00000
872.259 0.00000
872.456 0.00000
872.652 0.00000
872.849 0.00000
873.046 0.00000
873.242 0.00000
873.439 0.00000
873.636 0.00000
873.832 0.00000
874.029 0.00000
874.225 0.00000
874.422 0.00000
874.618 0.00000
874.815 0.00000
875.011 0.00000
875.208 0.00000
875.404 0.00000
875.600 0.00000
875.797 0.00000
875.993 0.00000
876.189 0.00000
876.386 0.00000
876.582 0.00000
876.778 0.00000
876.974 0.00000
877.171 0.00000
877.367 0.00000
877.563 0.00000
877.759 0.00000
877.955 0.00000
878.151 0.00000
878.347 0.00000
878.543 0.00000
878.739 0.00000
878.935 0.00000
879.131 0.00000
879.327 0.00000
879.523 0.00000
879.719 0.00000
879.915 0.00000
880.111 0.00000
880.307 0.00000
880.503 0.00000
880.698 0.00000
880.894 0.00000
881.090 0.00000
881.286 0.00000
881.481 0.00000
881.677 0.00000
881.873 0.00000
882.068 0.00000
882.264 0.00000
882.460 0.00000
882.655 0.00000
882.851 0.00000
883.046 0.00000
883.242 0.00000
883.437 0.00000
883.633 0.00000
883.828 0.00000
884.024 0.00000
884.219 0.00000
884.414 0.00000
884.610 0.00000
884.805 0.00000
885.000 0.00000
885.196 0.00000
885.391 0.00000
885.586 0.00000
885.781 0.00000
885.977 0.00000
886.172 0.00000
886.367 0.00000
886.562 0.00000
886.757 0.00000
886.952 0.00000
887.147 0.00000
887.342 0.00000
887.537 0.00000
887.732 0.00000
887.927 0.00000
888.122 0.00000
888.317 0.00000
888.512 0.00000
888.707 0.00000
888.902 0.00000
889.097 0.00000
889.292 0.00000
889.486 0.00000
889.681 0.00000
889.876 0.00000
890.071 0.00000
890.265 0.00000
890.460 0.00000
890.655 0.00000
890.849 0.00000
891.044 0.00000
891.239 0.00000
891.433 0.00000
891.628 0.00000
891.822 0.00000
892.017 0.00000
892.211 0.00000
892.406 0.00000
892.600 0.00000
892.794 0.00000
892.989 0.00000
893.183 0.00000
893.377 0.00000
893.572 0.00000
893.766 0.00000
893.960 0.00000
894.155 0.00000
894.349 0.00000
894.543 0.00000
894.737 0.00000
894.931 0.00000
895.125 0.00000
895.320 0.00000
895.514 0.00000
895.708 0.00000
895.902 0.00000
896.096 0.00000
896.290 0.00000
896.484 0.00000
896.678 0.00000
896.872 0.00000
897.065 0.00000
897.259 0.00000
897.453 0.00000
897.647 0.00000
897.841 0.00000
898.035 0.00000
898.228 0.00000
898.422 0.00000
898.616 0.00000
898.809 0.00000
899.003 0.00000
899.197 0.00000
899.390 0.00000
899.584 0.00000
899.777 0.00000
899.971 0.00000
900.165 0.00000
900.358 0.00000
900.552 0.00000
900.745 0.00000
900.938 0.00000
901.132 0.00000
901.325 0.00000
901.518 0.00000
901.712 0.00000
901.905 0.00000
902.098 0.00000
902.292 0.00000
902.485 0.00000
902.678 0.00000
902.871 0.00000
903.065 0.00000
903.258 0.00000
903.451 0.00000
903.644 0.00000
903.837 0.00000
904.030 0.00000
904.223 0.00000
904.416 0.00000
904.609 0.00000
904.802 0.00000
904.995 0.00000
905.188 0.00000
905.381 0.00000
905.573 0.00000
