241.010 -7.14082
241.063 -2.38812
241.116 21.18014
241.170 17.29024
241.223 -28.16182
241.276 -4.01164
241.329 -16.05540
241.382 9.79425
241.435 22.53748
241.488 -10.21426
241.541 -3.72426
241.594 6.33991
241.647 -6.45057
241.700 -13.55111
241.753 15.69107
241.806 -5.18393
241.859 2.19741
241.911 13.34471
241.964 -2.91107
242.017 34.62563
242.070 -0.00758
242.123 8.47615
242.175 -8.84162
242.228 -3.03396
242.281 0.06501
242.333 8.15400
242.386 -1.54829
242.439 -10.81243
242.491 -3.17593
242.544 -1.94792
242.596 -0.00212
242.649 6.17870
242.701 10.42905
242.754 31.60885
242.806 14.49468
242.859 12.80721
242.911 -4.16949
242.964 5.82158
243.016 20.66423
243.068 2.49069
243.121 3.70849
243.173 -1.19260
243.225 7.57103
243.278 -3.26269
243.330 0.85401
243.382 -8.01943
243.434 -4.89888
243.486 0.38837
243.539 -1.73750
243.591 -1.67387
243.643 8.42655
243.695 -0.40614
243.747 -0.04498
243.799 13.23432
243.851 -3.14224
243.903 4.05779
243.955 -3.39718
244.007 7.51273
244.059 5.62174
244.111 -6.61567
244.163 5.96420
244.215 4.31040
244.267 0.14926
244.319 15.70859
244.371 2.39187
244.422 -3.45812
244.474 15.63256
244.526 11.96690
244.578 11.38906
244.629 14.83063
244.681 1.68924
244.733 20.53054
244.785 11.30652
244.836 -10.69688
244.888 4.71140
244.940 8.54877
244.991 9.18974
245.043 4.78475
245.094 8.63523
245.146 -4.14152
245.197 -6.65781
245.249 5.80555
245.300 27.07638
245.352 20.04217
245.403 0.55619
245.455 8.63111
245.506 6.26236
245.558 3.73143
245.609 19.98948
245.660 12.18191
245.712 5.16039
245.763 5.10783
245.814 -0.86804
245.865 0.64609
245.917 1.22260
245.968 -5.28083
246.019 7.67639
246.070 5.08433
246.122 -10.18574
246.173 -4.89989
246.224 0.08157
246.275 -4.55702
246.326 6.63077
246.377 -0.82793
246.428 5.59896
246.479 12.82556
246.530 -4.02720
246.581 -5.82222
246.632 -2.14854
246.683 -3.54254
246.734 -5.19725
246.785 -1.15481
246.836 10.42617
246.887 9.20814
246.938 12.31573
246.989 5.07716
247.040 1.71451
247.091 1.11849
247.142 0.58883
247.192 -0.16289
247.243 0.21627
247.294 -1.14836
247.345 5.93300
247.395 5.58432
247.446 -7.48501
247.497 -0.91540
247.548 2.67149
247.598 6.80562
247.649 2.63591
247.699 2.22867
247.750 -2.48516
247.801 -2.05291
247.851 4.99100
247.902 2.20592
247.952 0.87774
248.003 10.13265
248.053 -0.84585
248.104 4.50750
248.154 5.92277
248.205 10.29415
248.255 15.22964
248.306 1.35614
248.356 0.10448
248.407 -2.19777
248.457 0.02656
248.507 -6.56200
248.558 7.40309
248.608 11.60630
248.658 -4.44133
248.709 5.14064
248.759 1.32811
248.809 -4.60711
248.860 -2.43498
248.910 4.28765
248.960 -2.46008
249.010 -2.51641
249.060 -7.32114
249.111 -4.56102
249.161 3.27536
249.211 7.14539
249.261 0.21787
249.311 9.72795
249.361 13.65565
249.411 -2.14002
249.461 -0.61436
249.511 0.35541
249.561 -2.19236
249.611 -3.02128
249.661 2.68369
249.711 5.02469
249.761 2.42529
249.811 2.17037
249.861 6.11335
249.911 -0.74736
249.961 -2.81629
250.011 1.11353
250.061 5.64614
250.111 -0.78415
250.161 -3.82284
250.211 8.32046
250.260 21.39107
250.310 -2.12713
250.360 2.55277
250.410 -1.26164
250.459 0.97596
250.509 2.33643
250.559 -2.79781
250.609 0.82146
250.658 -2.58432
250.708 4.83371
250.758 -0.01923
250.807 0.80107
250.857 -1.31577
250.907 -4.35388
250.956 -3.43146
251.006 1.51650
251.056 7.31575
251.105 -0.71146
251.155 2.21626
251.204 2.36857
251.254 0.11549
251.303 2.58167
251.353 3.25738
251.402 14.92891
251.452 26.17008
251.501 5.78072
251.551 1.65965
251.600 -0.41589
251.650 -0.39653
251.699 -1.19951
251.748 -1.52989
251.798 -0.35895
251.847 2.38919
251.897 1.32145
251.946 0.49708
251.995 -3.37869
252.045 -2.41108
252.094 -0.33355
252.143 -4.36059
252.192 2.59525
252.242 4.63759
252.291 -0.05850
252.340 3.16111
252.389 2.59045
252.439 -4.84002
252.488 1.37652
252.537 2.12398
252.586 -2.51783
252.635 -0.85443
252.684 -1.52972
252.734 -2.16133
252.783 1.05030
252.832 4.88679
252.881 8.53124
252.930 1.95240
252.979 -0.68862
253.028 2.77049
253.077 3.34739
253.126 -0.97874
253.175 -4.45018
253.224 0.42657
253.273 6.60455
253.322 6.57641
253.371 3.31314
253.420 -4.36565
253.469 -1.48908
253.518 5.83064
253.567 2.64137
253.616 0.43699
253.665 -4.64645
253.714 -1.98126
253.763 2.04793
253.812 5.45084
253.860 -0.66200
253.909 -4.74684
253.958 -0.14358
254.007 0.18745
254.056 -0.32552
254.104 8.88750
254.153 8.49104
254.202 3.89689
254.251 5.41428
254.300 6.12456
254.348 2.45636
254.397 -1.73300
254.446 4.64394
254.494 4.16908
254.543 1.80028
254.592 -0.30299
254.641 2.09508
254.689 0.53474
254.738 1.93273
254.786 4.57522
254.835 5.54796
254.884 4.61816
254.932 2.63856
254.981 2.26482
255.029 1.92577
255.078 4.67125
255.127 2.83852
255.175 -1.56933
255.224 0.20975
255.272 1.59260
255.321 1.62787
255.369 -0.09194
255.418 -1.38940
255.466 7.79406
255.515 8.79290
255.563 3.19196
255.612 0.70058
255.660 -0.15579
255.709 2.79297
255.757 -0.65797
255.805 3.13696
255.854 3.69973
255.902 -2.20423
255.951 2.02816
255.999 5.28407
256.047 -2.01459
256.096 -2.85163
256.144 0.77583
256.192 -0.87565
256.241 2.67031
256.289 0.20917
256.337 -3.08342
256.386 1.49380
256.434 4.44770
256.482 4.30344
256.530 3.74506
256.579 0.44549
256.627 0.66461
256.675 4.42234
256.723 1.64925
256.772 -0.48261
256.820 -1.08584
256.868 0.05727
256.916 6.26543
256.964 2.52049
257.013 -3.04301
257.061 -0.97777
257.109 -0.75228
257.157 -0.75219
257.205 2.46199
257.253 4.24071
257.301 3.10518
257.350 2.17453
257.398 -1.83942
257.446 0.31051
257.494 0.28213
257.542 -1.82173
257.590 6.34867
257.638 11.91119
257.686 4.60067
257.734 0.15485
257.782 -1.88482
257.830 -1.16576
257.878 -2.16206
257.926 0.31018
257.974 4.19329
258.022 3.29011
258.070 1.61425
258.118 0.77879
258.166 4.37965
258.214 2.04840
258.262 -0.12801
258.310 2.74668
258.358 3.11961
258.406 1.63299
258.454 -1.64340
258.501 -1.33322
258.549 1.32743
258.597 1.37502
258.645 -1.53762
258.693 -0.27832
258.741 -0.35338
258.789 -1.60217
258.837 -1.80725
258.884 -0.80989
258.932 -0.89643
258.980 -4.33085
259.028 -2.22759
259.076 -0.29235
259.123 -0.97014
259.171 0.95176
259.219 -1.05986
259.267 0.02734
259.315 2.83717
259.362 -1.53138
259.410 -2.04325
259.458 6.37925
259.506 3.45766
259.553 -3.96104
259.601 3.34389
259.649 7.68905
259.696 3.26909
259.744 1.20378
259.792 1.84998
259.840 0.99379
259.887 -0.67746
259.935 6.01994
259.983 7.94113
260.030 1.35446
260.078 -0.50835
260.125 0.55639
260.173 3.04746
260.221 5.32593
260.268 2.40347
260.316 0.01321
260.364 1.23526
260.411 -0.97986
260.459 -3.29841
260.506 -1.69712
260.554 1.67611
260.602 4.38521
260.649 2.06275
260.697 -1.36342
260.744 -1.09075
260.792 0.43696
260.839 0.50194
260.887 1.01759
260.934 -0.96741
260.982 -1.50705
261.029 1.23782
261.077 1.30097
261.124 2.26792
261.172 3.41035
261.219 1.27854
261.267 -0.49672
261.314 -0.06545
261.362 3.29724
261.409 1.60746
261.457 -0.04555
261.504 0.54056
261.552 -0.79345
261.599 1.77709
261.647 3.35486
261.694 0.73109
261.741 -1.11291
261.789 -0.90374
261.836 -1.28776
261.884 0.39618
261.931 0.50535
261.978 -0.70329
262.026 -0.27868
262.073 -0.49168
262.121 -0.12349
262.168 0.40571
262.215 0.04647
262.263 -1.55220
262.310 0.08123
262.357 0.65463
262.405 1.18839
262.452 1.15186
262.499 0.04100
262.547 1.09404
262.594 -0.95469
262.641 -0.18415
262.689 4.75652
262.736 3.36715
262.783 -0.40050
262.831 -0.54642
262.878 -0.97650
262.925 1.62870
262.972 3.69942
263.020 3.34789
263.067 1.56276
263.114 1.78878
263.161 2.11261
263.209 1.25858
263.256 2.57104
263.303 4.00321
263.350 1.65526
263.398 2.24558
263.445 1.40509
263.492 -2.57069
263.539 0.80140
263.587 3.64064
263.634 1.44043
263.681 0.15673
263.728 -1.43714
263.775 -1.77861
263.823 1.88042
263.870 -0.89686
263.917 -2.29540
263.964 2.32403
264.011 3.85854
264.058 2.85527
264.106 0.68724
264.153 -1.16418
264.200 -0.10730
264.247 1.54409
264.294 -0.64576
264.341 -0.70020
264.389 0.98875
264.436 2.17999
264.483 0.05645
264.530 1.76277
264.577 3.08451
264.624 0.27737
264.671 -0.32073
264.718 0.26509
264.766 -0.42052
264.813 1.35031
264.860 1.04250
264.907 2.01406
264.954 -0.65474
265.001 0.15187
265.048 1.34034
265.095 6.11647
265.142 4.53766
265.189 0.52755
265.236 5.51353
265.283 4.21073
265.331 1.54516
265.378 2.23669
265.425 0.91889
265.472 -1.83815
265.519 0.30751
265.566 1.08539
265.613 -2.31067
265.660 2.03452
265.707 1.79672
265.754 1.38756
265.801 3.31599
265.848 0.70251
265.895 -2.42126
265.942 -1.64296
265.989 1.52323
266.036 -0.92707
266.083 0.94386
266.130 1.27191
266.177 3.47511
266.224 4.19599
266.271 1.36493
266.318 0.94611
266.365 2.25289
266.412 2.89601
266.459 0.09695
266.506 -1.43678
266.553 3.20304
266.600 2.50003
266.647 -0.83379
266.694 1.63867
266.741 5.45614
266.788 2.19526
266.835 0.93855
266.882 -1.52350
266.929 2.40992
266.976 1.83378
267.023 2.29517
267.070 4.15537
267.117 2.69489
267.163 -0.32327
267.210 -0.49298
267.257 1.73156
267.304 1.22558
267.351 0.15111
267.398 2.46828
267.445 0.72516
267.492 -2.62749
267.539 -1.71902
267.586 -1.06076
267.633 2.66941
267.680 2.26085
267.727 0.05127
267.773 1.20300
267.820 1.01665
267.867 0.87678
267.914 -0.49340
267.961 -0.76553
268.008 3.85468
268.055 4.98576
268.102 3.18537
268.149 0.41609
268.196 0.03927
268.242 0.58897
268.289 1.42618
268.336 0.50110
268.383 2.77366
268.430 1.75700
268.477 0.56768
268.524 2.21658
268.571 0.49741
268.618 0.22094
268.664 3.37160
268.711 0.28937
268.758 1.37281
268.805 0.82691
268.852 -2.30421
268.899 1.10587
268.946 3.89134
268.993 2.11542
269.039 1.71395
269.086 -0.48468
269.133 1.12862
269.180 4.65459
269.227 -0.42554
269.274 0.79867
269.321 2.22174
269.367 5.97714
269.414 4.20981
269.461 2.28189
269.508 2.23464
269.555 1.56120
269.602 0.26438
269.648 -1.01332
269.695 0.69412
269.742 1.54025
269.789 -0.94581
269.836 -1.55499
269.883 5.28485
269.930 3.99013
269.976 2.48217
270.023 2.03193
270.070 0.69849
270.117 -1.10341
270.164 4.42058
270.211 5.55307
270.257 1.30205
270.304 -0.56831
270.351 -2.86292
270.398 -1.22937
270.445 3.93629
270.492 3.83411
270.538 0.04937
270.585 -2.53670
270.632 5.14343
270.679 2.36544
270.726 -0.65091
270.772 2.48761
270.819 3.15020
270.866 8.07941
270.913 3.18319
270.960 -0.47827
271.007 -0.56893
271.053 0.69601
271.100 1.65810
271.147 0.17591
271.194 2.36421
271.241 -0.02569
271.288 -0.20569
271.334 1.13666
271.381 2.39794
271.428 0.66697
271.475 -0.06184
271.522 1.25112
271.568 0.65331
271.615 -1.96405
271.662 -1.58084
271.709 -1.02994
271.756 2.20859
271.802 0.69341
271.849 -0.45656
271.896 1.16631
271.943 1.08266
271.990 -0.17456
272.037 -0.85988
272.083 2.46429
272.130 2.54898
272.177 1.57519
272.224 2.76132
272.271 2.42239
272.317 -0.08044
272.364 0.03546
272.411 5.70048
272.458 5.67961
272.505 4.75200
272.552 3.96457
272.598 0.91528
272.645 -1.17799
272.692 2.89038
272.739 1.82063
272.786 2.56463
272.832 0.82113
272.879 0.39727
272.926 1.10933
272.973 0.47891
273.020 0.36815
273.067 1.22396
273.113 -0.59944
273.160 0.38927
273.207 0.63518
273.254 -1.05717
273.301 0.65117
273.347 0.60939
273.394 -0.74359
273.441 -0.01461
273.488 5.90510
273.535 2.66719
273.582 0.00510
273.628 3.74442
273.675 -0.00512
273.722 1.20672
273.769 4.73098
273.816 1.73722
273.863 0.77980
273.909 0.57177
273.956 3.81241
274.003 1.28333
274.050 -2.24868
274.097 1.83659
274.144 -0.25760
274.190 -1.68109
274.237 0.21045
274.284 -1.08257
274.331 0.18903
274.378 3.33740
274.425 0.69472
274.471 1.79615
274.518 4.48731
274.565 2.99202
274.612 -0.99124
274.659 1.13046
274.706 0.05853
274.753 0.44557
274.799 3.25145
274.846 1.13577
274.893 1.05231
274.940 1.44996
274.987 3.38583
275.034 3.82867
275.081 1.00289
275.127 1.63549
275.174 1.38446
275.221 0.38860
275.268 4.30947
275.315 4.72367
275.362 1.97213
275.409 1.27915
275.455 -0.19949
275.502 0.77603
275.549 2.22652
275.596 2.41719
275.643 1.50234
275.690 2.11722
275.737 2.34653
275.784 2.17379
275.830 0.48191
275.877 -0.55355
275.924 -0.15924
275.971 2.32647
276.018 0.98529
276.065 0.24181
276.112 1.61510
276.159 0.21077
276.206 0.06361
276.252 -0.95820
276.299 0.34807
276.346 1.71418
276.393 0.56884
276.440 0.13545
276.487 1.82170
276.534 -0.41666
276.581 3.22159
276.628 1.79818
276.675 0.07234
276.721 0.43469
276.768 1.60683
276.815 1.32115
276.862 2.43522
276.909 -0.56848
276.956 0.75100
277.003 3.04143
277.050 2.33073
277.097 -0.33091
277.144 2.18164
277.191 3.03326
277.238 1.65235
277.285 -0.33122
277.332 -0.95777
277.379 -2.33154
277.425 0.46870
277.472 2.46827
277.519 3.79245
277.566 2.17518
277.613 2.29538
277.660 -1.26080
277.707 -1.53494
277.754 -0.35985
277.801 -0.78518
277.848 -1.70081
277.895 0.91982
277.942 2.23204
277.989 -0.13478
278.036 -0.77967
278.083 2.76512
278.130 2.81422
278.177 -0.40994
278.224 -0.41753
278.271 1.47641
278.318 2.06467
278.365 2.99005
278.412 1.54781
278.459 0.83617
278.506 -0.29747
278.553 -1.48262
278.600 0.04274
278.647 1.51944
278.694 2.90704
278.741 1.47642
278.788 -0.43334
278.835 0.55505
278.882 1.35654
278.929 -0.07198
278.976 1.89765
279.023 1.36584
279.070 1.26249
279.117 2.92823
279.164 2.83637
279.211 2.89972
279.258 1.62600
279.305 -0.65649
279.352 0.14265
279.399 1.93249
279.446 0.60865
279.493 2.90630
279.541 1.76821
279.588 0.95118
279.635 0.65707
279.682 2.81647
279.729 1.67707
279.776 -0.06695
279.823 0.27799
279.870 -0.28356
279.917 2.47650
279.964 0.19682
280.011 -0.09099
280.058 1.39554
280.105 1.68091
280.153 3.39605
280.200 0.02621
280.247 0.84495
280.294 2.03067
280.341 0.51011
280.388 1.07337
280.435 1.58253
280.482 0.77219
280.530 0.53976
280.577 1.05126
280.624 0.89766
280.671 0.85244
280.718 5.66543
280.765 2.92873
280.812 2.12273
280.859 2.64290
280.907 0.88523
280.954 1.36455
281.001 2.89274
281.048 2.14652
281.095 -0.31341
281.142 -0.56120
281.190 -0.80628
281.237 1.76305
281.284 1.91595
281.331 0.99534
281.378 1.31452
281.425 4.31361
281.473 1.34421
281.520 -0.50815
281.567 2.38942
281.614 3.28865
281.661 3.71671
281.709 1.95696
281.756 2.84087
281.803 0.67024
281.850 -0.21995
281.898 3.70807
281.945 2.04449
281.992 0.74533
282.039 1.11305
282.086 2.40186
282.134 2.02383
282.181 -0.29975
282.228 0.67652
282.275 1.61834
282.323 0.30717
282.370 -1.44955
282.417 0.42119
282.464 0.21125
282.512 -0.74384
282.559 1.52177
282.606 -0.42828
282.654 -0.00143
282.701 -0.43929
282.748 -0.21136
282.795 0.42722
282.843 1.44821
282.890 2.46563
282.937 0.20190
282.985 -1.60477
283.032 0.65420
283.079 1.39100
283.127 -0.24184
283.174 0.54187
283.221 0.54682
283.269 -0.70230
283.316 0.79961
283.363 -0.52975
283.411 1.03074
283.458 1.16625
283.505 1.21577
283.553 1.64332
283.600 0.78889
283.647 -0.08096
283.695 3.23420
283.742 3.89888
283.789 1.32916
283.837 1.44722
283.884 1.47207
283.932 -0.28996
283.979 0.73926
284.026 0.13308
284.074 2.02101
284.121 1.36439
284.169 2.20259
284.216 0.84880
284.263 1.29717
284.311 0.96585
284.358 4.68351
284.406 3.42797
284.453 1.24512
284.501 1.95237
284.548 1.84442
284.595 1.25380
284.643 0.42194
284.690 0.92992
284.738 0.82672
284.785 0.24532
284.833 -0.08339
284.880 0.45477
284.928 -0.20639
284.975 1.45144
285.023 1.18593
285.070 0.89068
285.118 0.60731
285.165 -0.20898
285.213 0.60207
285.260 0.12089
285.308 0.27664
285.355 -0.17975
285.403 0.99113
285.450 -0.27197
285.498 2.12617
285.545 2.54668
285.593 -0.36097
285.640 1.57602
285.688 -0.16915
285.735 3.32461
285.783 8.02549
285.830 2.97867
285.878 -0.57728
285.926 0.12550
285.973 0.18130
286.021 2.33434
286.068 1.88701
286.116 2.37043
286.163 2.03550
286.211 2.72205
286.259 0.23066
286.306 1.84892
286.354 2.22764
286.401 3.93253
286.449 2.73330
286.497 1.38878
286.544 1.29051
286.592 0.53368
286.639 0.89587
286.687 0.96679
286.735 0.38350
286.782 2.66068
286.830 2.22033
286.878 2.16133
286.925 0.44246
286.973 1.79841
287.021 1.36522
287.068 0.08019
287.116 1.90762
287.164 3.22740
287.211 1.00213
287.259 2.87895
287.307 1.71936
287.354 0.55974
287.402 0.12211
287.450 1.12355
287.498 0.74257
287.545 -0.28419
287.593 1.46637
287.641 1.44132
287.688 4.22822
287.736 2.19614
287.784 1.52709
287.832 1.85159
287.879 1.41700
287.927 1.89597
287.975 4.78889
288.023 2.59403
288.070 1.02029
288.118 2.42756
288.166 1.88921
288.214 1.25050
288.262 7.03828
288.309 3.40979
288.357 0.29439
288.405 2.43710
288.453 1.89306
288.501 0.73974
288.548 1.83494
288.596 1.73052
288.644 1.08274
288.692 3.14303
288.740 1.60285
288.788 1.06718
288.835 -0.05604
288.883 1.05462
288.931 1.71471
288.979 0.94514
289.027 -0.26504
289.075 2.73670
289.123 3.80713
289.170 2.00764
289.218 2.00832
289.266 2.12827
289.314 2.97189
289.362 2.13459
289.410 1.87006
289.458 0.35658
289.506 -0.73506
289.554 2.48871
289.602 2.27436
289.649 1.68520
289.697 1.99153
289.745 0.61389
289.793 2.21100
289.841 0.72687
289.889 1.14438
289.937 1.26337
289.985 0.72342
290.033 1.30976
290.081 2.79639
290.129 7.14327
290.177 2.07232
290.225 2.69426
290.273 3.37802
290.321 3.45549
290.369 2.65337
290.417 0.92251
290.465 1.97420
290.513 1.48952
290.561 0.99019
290.609 2.83883
290.657 4.64385
290.705 2.65526
290.753 2.00167
290.801 2.06510
290.849 0.10926
290.897 0.77020
290.945 0.83838
290.993 2.55608
291.041 1.49727
291.090 0.65113
291.138 1.22582
291.186 0.07014
291.234 1.43343
291.282 1.59721
291.330 0.40401
291.378 1.65733
291.426 2.29214
291.474 1.53554
291.522 0.19665
291.571 -1.10068
291.619 2.39786
291.667 2.45206
291.715 0.51961
291.763 0.63717
291.811 1.87290
291.859 0.92957
291.908 2.81122
291.956 3.34387
292.004 1.09854
292.052 1.86561
292.100 0.69866
292.148 0.53392
292.197 3.18031
292.245 1.56342
292.293 1.42400
292.341 3.39525
292.389 2.69785
292.438 2.48665
292.486 0.75261
292.534 0.42445
292.582 0.86988
292.631 2.23011
292.679 3.63785
292.727 1.52345
292.775 0.97155
292.824 -0.14626
292.872 0.36482
292.920 2.31174
292.968 1.00812
293.017 6.03114
293.065 2.87154
293.113 1.06151
293.161 3.19596
293.210 2.19851
293.258 -0.26600
293.306 0.06493
293.355 1.94809
293.403 3.62709
293.451 2.10907
293.500 2.76066
293.548 2.12747
293.596 1.69248
293.645 1.23084
293.693 2.18086
293.741 1.72778
293.790 1.58385
293.838 1.85520
293.887 0.79673
293.935 4.68668
293.983 1.44942
294.032 0.20851
294.080 0.13532
294.128 0.39415
294.177 0.67118
294.225 7.37297
294.274 5.30470
294.322 0.28726
294.370 -0.42127
294.419 0.45640
294.467 0.04063
294.516 -0.20940
294.564 3.46363
294.613 1.86460
294.661 2.21024
294.710 2.56458
294.758 0.32555
294.806 0.81252
294.855 3.46228
294.903 2.74444
294.952 1.53663
295.000 3.06595
295.049 2.04605
295.097 0.64243
295.146 1.56547
295.194 2.61723
295.243 0.25392
295.291 2.61670
295.340 3.11057
295.388 2.64837
295.437 1.06037
295.486 2.78029
295.534 1.24554
295.583 1.18751
295.631 1.20095
295.680 1.99270
295.728 2.87451
295.777 0.80322
295.825 2.12817
295.874 0.69991
295.923 0.98699
295.971 1.21369
296.020 4.66077
296.068 2.38440
296.117 0.78274
296.166 3.01804
296.214 1.51849
296.263 -0.50862
296.311 2.92500
296.360 1.32894
296.409 0.29318
296.457 0.21015
296.506 0.78065
296.555 1.58892
296.603 1.43753
296.652 0.59077
296.701 -0.05788
296.749 3.00147
296.798 1.85537
296.847 1.84781
296.895 3.51398
296.944 1.03821
296.993 1.00893
297.041 0.87293
297.090 0.64483
297.139 3.45299
297.188 0.64478
297.236 0.03537
297.285 0.44232
297.334 1.93047
297.382 3.08674
297.431 0.52882
297.480 0.74283
297.529 1.38777
297.577 0.36997
297.626 1.88538
297.675 1.39529
297.724 2.32682
297.772 0.42184
297.821 0.52485
297.870 1.49831
297.919 2.63774
297.968 1.92723
298.016 2.76269
298.065 0.42663
298.114 1.07603
298.163 0.80145
298.212 2.80364
298.260 2.86891
298.309 0.79324
298.358 1.57380
298.407 1.17546
298.456 0.50847
298.505 1.93437
298.554 0.88281
298.602 -0.65621
298.651 1.02118
298.700 1.18987
298.749 2.13036
298.798 2.57530
298.847 1.07510
298.896 1.20864
298.945 1.38969
298.993 0.51959
299.042 1.64244
299.091 1.58261
299.140 0.11978
299.189 1.01531
299.238 0.53521
299.287 1.11806
299.336 -0.58930
299.385 1.55497
299.434 1.44135
299.483 2.51801
299.532 2.31933
299.581 0.75179
299.630 2.69906
299.679 1.43166
299.728 0.54764
299.776 0.26496
299.825 2.51699
299.874 2.16076
299.923 1.32564
299.972 1.18765
300.021 1.64289
300.070 0.18462
300.119 2.94668
300.168 2.13123
300.217 1.07732
300.267 1.35166
300.316 2.64040
300.365 3.48170
300.414 2.26476
300.463 0.76031
300.512 0.50152
300.561 0.34073
300.610 1.90576
300.659 1.80299
300.708 4.06533
300.757 3.00641
300.806 2.15174
300.855 1.01640
300.904 1.97029
300.953 0.13573
301.002 1.23507
301.052 1.07947
301.101 1.62943
301.150 1.90935
301.199 2.31143
301.248 2.77163
301.297 5.85674
301.346 3.77358
301.395 0.39057
301.444 0.72536
301.494 1.85507
301.543 1.67840
301.592 2.75607
301.641 1.94616
301.690 1.28059
301.739 3.65062
301.789 2.69187
301.838 0.85219
301.887 4.21562
301.936 1.86289
301.985 1.37793
302.034 1.05916
302.084 3.87970
302.133 1.53268
302.182 0.54775
302.231 2.12970
302.280 2.28671
302.330 3.99944
302.379 0.91149
302.428 0.77926
302.477 1.65342
302.527 1.91713
302.576 1.92868
302.625 2.15122
302.674 1.52640
302.724 2.53351
302.773 2.10356
302.822 1.13424
302.871 3.73110
302.921 2.15686
302.970 -0.28376
303.019 0.70667
303.068 2.13494
303.118 1.10208
303.167 0.28883
303.216 2.35987
303.266 2.35709
303.315 -0.39844
303.364 0.22346
303.414 1.84074
303.463 2.41964
303.512 3.36685
303.562 4.02153
303.611 2.99554
303.660 2.73668
303.710 6.06988
303.759 2.78919
303.808 0.53962
303.858 0.71984
303.907 1.70461
303.956 3.02973
304.006 0.42606
304.055 0.73449
304.104 1.45213
304.154 1.66448
304.203 1.28650
304.253 0.74948
304.302 0.51285
304.351 0.48761
304.401 2.44595
304.450 2.57704
304.500 1.91504
304.549 2.55311
304.598 2.50377
304.648 2.50419
304.697 1.35955
304.747 1.49712
304.796 0.99598
304.846 0.51586
304.895 2.22720
304.944 1.85887
304.994 3.35441
305.043 2.73352
305.093 1.14833
305.142 5.23147
305.192 2.38377
305.241 0.19178
305.291 1.04192
305.340 2.94729
305.390 3.75977
305.439 3.23638
305.489 3.14211
305.538 2.80495
305.588 1.63702
305.637 0.78801
305.687 3.20374
305.736 0.99389
305.786 1.76266
305.835 5.04202
305.885 3.33285
305.934 1.96205
305.984 1.82219
306.033 1.77396
306.083 4.39597
306.132 2.85144
306.182 2.62656
306.231 1.60083
306.281 1.34096
306.330 0.49412
306.380 1.57969
306.430 2.85469
306.479 2.50383
306.529 2.07284
306.578 1.91192
306.628 1.09972
306.677 2.19318
306.727 3.32368
306.777 1.93524
306.826 1.80387
306.876 0.80406
306.925 1.60016
306.975 0.76406
307.025 2.27506
307.074 3.16033
307.124 1.61643
307.173 1.70733
307.223 2.55698
307.273 2.34142
307.322 0.32172
307.372 2.55165
307.421 1.38910
307.471 -0.28022
307.521 0.74860
307.570 0.06820
307.620 -0.06137
307.670 3.09282
307.719 5.68994
307.769 3.13199
307.819 1.85455
307.868 2.55950
307.918 3.97310
307.968 1.98782
308.017 2.17551
308.067 4.56198
308.117 2.32460
308.166 1.29079
308.216 1.28026
308.266 1.86037
308.315 0.99294
308.365 2.11377
308.415 1.68533
308.464 3.98430
308.514 2.72468
308.564 0.86130
308.614 1.51416
308.663 1.27746
308.713 2.81577
308.763 1.66303
308.812 2.33181
308.862 2.60024
308.912 2.92980
308.962 1.43658
309.011 1.50545
309.061 2.67682
309.111 1.75417
309.161 3.17297
309.210 3.72005
309.260 0.91956
309.310 1.38395
309.360 0.83593
309.409 1.30588
309.459 1.32200
309.509 2.45042
309.559 1.07325
309.608 1.79793
309.658 0.46503
309.708 0.39388
309.758 1.58462
309.807 2.73448
309.857 3.25402
309.907 2.11773
309.957 2.97765
310.007 0.50431
310.056 0.25111
310.106 -0.21710
310.156 1.01781
310.206 1.76243
310.256 1.64321
310.305 2.21411
310.355 2.85512
310.405 3.75784
310.455 4.25955
310.505 1.76408
310.554 2.88784
310.604 1.27169
310.654 0.66194
310.704 1.08280
310.754 1.41128
310.804 -0.01301
310.853 0.99886
310.903 0.62104
310.953 0.98685
311.003 2.96981
311.053 3.20624
311.103 2.32000
311.153 3.19321
311.202 1.12551
311.252 0.42470
311.302 2.53654
311.352 4.90161
311.402 3.41064
311.452 0.39254
311.502 4.76440
311.551 3.27019
311.601 1.03484
311.651 4.71304
311.701 3.36368
311.751 1.56095
311.801 1.76013
311.851 1.76807
311.901 1.66359
311.950 5.16676
312.000 1.39066
312.050 1.45612
312.100 4.89189
312.150 1.64827
312.200 0.27412
312.250 2.30117
312.300 8.29032
312.350 4.40509
312.399 2.49396
312.449 1.83454
312.499 0.01556
312.549 4.58166
312.599 4.24048
312.649 4.55354
312.699 1.90416
312.749 3.17608
312.799 1.21421
312.849 1.37767
312.899 0.67633
312.949 3.45075
312.998 3.00715
313.048 1.33925
313.098 2.00339
313.148 3.69313
313.198 1.40960
313.248 0.60851
313.298 4.88762
313.348 5.06203
313.398 2.91200
313.448 3.76401
313.498 0.38485
313.548 5.29154
313.598 4.43604
313.648 3.22199
313.698 1.03730
313.748 -0.42299
313.798 1.37432
313.847 2.02156
313.897 0.70353
313.947 3.92676
313.997 2.82050
314.047 1.04869
314.097 2.74349
314.147 0.53676
314.197 0.92016
314.247 0.63318
314.297 3.18101
314.347 4.75234
314.397 1.01871
314.447 0.30787
314.497 3.96141
314.547 3.72629
314.597 1.95344
314.647 0.88928
314.697 1.95018
314.747 3.24330
314.797 1.54504
314.847 2.61705
314.897 1.98333
314.947 2.39941
314.997 5.01440
315.047 3.36335
315.097 5.81436
315.147 4.17187
315.197 1.02668
315.247 4.56291
315.297 3.90337
315.347 1.85016
315.397 1.10924
315.447 1.53535
315.497 1.06902
315.547 1.72312
315.597 5.54229
315.647 1.78233
315.697 1.83977
315.747 1.55053
315.797 2.75316
315.847 1.54049
315.897 1.99415
315.947 2.31494
315.997 17.92660
316.047 9.76030
316.097 1.60429
316.147 0.83985
316.197 1.92341
316.247 0.54094
316.297 1.25168
316.347 2.23940
316.397 0.57685
316.447 2.57889
316.497 1.13454
316.547 0.80237
316.597 4.03695
316.647 1.11972
316.697 2.25436
316.747 0.49737
316.797 1.65473
316.847 3.45640
316.897 3.71340
316.947 3.19268
316.997 2.40200
317.047 0.70478
317.097 1.09288
317.147 2.05488
317.197 2.24018
317.247 1.23933
317.297 0.90731
317.347 1.23314
317.397 1.62496
317.447 0.24723
317.497 0.62102
317.547 2.68984
317.597 2.07604
317.647 5.47387
317.697 2.36736
317.747 0.79022
317.797 0.39251
317.847 2.32061
317.897 3.08965
317.947 1.87164
317.997 0.61471
318.047 4.59357
318.097 5.20397
318.147 1.71338
318.197 1.47011
318.247 3.23340
318.297 1.97866
318.347 0.40487
318.397 3.59893
318.447 2.75706
318.497 2.00304
318.547 3.62488
318.597 2.83697
318.647 2.89312
318.697 3.25638
318.747 1.66662
318.797 1.31165
318.847 2.18848
318.897 2.29859
318.947 2.50890
318.997 2.77514
319.047 0.63805
319.097 3.08919
319.147 3.43487
319.197 2.75891
319.247 1.72804
319.297 3.52390
319.347 2.71952
319.397 1.59881
319.447 3.56448
319.497 2.27819
319.547 1.68250
319.597 4.65045
319.647 2.47445
319.697 0.18501
319.747 2.98191
319.797 3.44334
319.847 1.19929
319.897 1.92652
319.947 1.67951
319.997 0.07433
320.047 1.19198
320.097 4.21400
320.146 1.48448
320.196 2.16409
320.246 5.05041
320.296 2.64944
320.346 2.43280
320.396 2.90551
320.446 1.85287
320.496 1.99142
320.546 2.41576
320.596 3.48988
320.646 2.00249
320.696 0.83381
320.746 2.85035
320.796 4.03023
320.846 2.16393
320.896 0.67771
320.946 2.29102
320.996 3.01275
321.046 2.65116
321.096 2.19894
321.146 2.74919
321.196 2.41200
321.246 1.67035
321.296 1.05764
321.345 3.25077
321.395 1.16884
321.445 1.28317
321.495 7.30236
321.545 3.98770
321.595 2.42102
321.645 6.80745
321.695 2.10084
321.745 2.39904
321.795 4.00030
321.845 0.95292
321.895 1.94337
321.945 3.55845
321.994 1.73726
322.044 3.83255
322.094 3.02740
322.144 4.23014
322.194 4.69155
322.244 5.43833
322.294 2.48277
322.344 0.56348
322.394 1.92439
322.444 3.96424
322.493 4.74565
322.543 1.67219
322.593 1.07012
322.643 0.69742
322.693 3.35343
322.743 6.49507
322.793 3.70552
322.843 3.20399
322.892 2.14106
322.942 3.15581
322.992 2.20424
323.042 -0.65534
323.092 3.74743
323.142 2.90273
323.192 5.02567
323.241 4.06985
323.291 0.62050
323.341 2.91525
323.391 3.35183
323.441 3.27900
323.491 3.78793
323.540 7.18554
323.590 3.19897
323.640 1.62515
323.690 2.16593
323.740 0.19462
323.790 3.06920
323.839 2.66560
323.889 1.78743
323.939 1.02863
323.989 0.94566
324.039 3.90402
324.088 2.11641
324.138 0.34357
324.188 0.95602
324.238 2.68516
324.288 3.71030
324.337 3.19279
324.387 4.18802
324.437 2.31791
324.487 1.18725
324.536 2.48154
324.586 2.72550
324.636 2.96695
324.686 3.51474
324.735 6.22988
324.785 4.31402
324.835 2.45389
324.885 3.29995
324.934 4.93230
324.984 1.68757
325.034 2.02699
325.084 2.19580
325.133 2.16752
325.183 2.59595
325.233 3.05087
325.282 1.42594
325.332 1.60170
325.382 2.27285
325.432 3.79122
325.481 3.78056
325.531 3.35613
325.581 3.98638
325.630 3.13967
325.680 3.64772
325.730 3.65386
325.779 2.87152
325.829 1.90290
325.879 1.65840
325.928 4.12803
325.978 3.62379
326.028 2.66413
326.077 3.40215
326.127 2.38243
326.177 0.74707
326.226 3.23393
326.276 4.80114
326.325 4.07862
326.375 4.20204
326.425 1.12428
326.474 2.71006
326.524 2.83275
326.573 3.43720
326.623 4.22406
326.673 1.91532
326.722 2.63322
326.772 3.08527
326.821 2.53139
326.871 5.41495
326.920 5.16681
326.970 2.87603
327.020 1.98490
327.069 3.12452
327.119 6.50837
327.168 6.77688
327.218 2.43803
327.267 3.54803
327.317 1.93818
327.366 2.00243
327.416 3.19291
327.465 3.60232
327.515 3.17419
327.564 2.96351
327.614 1.26711
327.663 7.35460
327.713 5.20684
327.762 2.18525
327.812 2.76464
327.861 1.51169
327.911 2.63550
327.960 2.91840
328.009 3.45375
328.059 3.08565
328.108 2.00323
328.158 2.64080
328.207 5.49752
328.257 2.83285
328.306 2.49481
328.355 3.05369
328.405 3.54217
328.454 3.85732
328.504 5.67827
328.553 2.26704
328.602 1.19420
328.652 4.12943
328.701 2.77177
328.750 1.20453
328.800 3.27951
328.849 4.41716
328.898 0.73394
328.948 1.68614
328.997 4.09586
329.046 1.97100
329.096 0.89699
329.145 1.52913
329.194 2.61694
329.244 1.83375
329.293 2.88733
329.342 3.38099
329.391 1.09283
329.441 5.26810
329.490 3.87824
329.539 4.00333
329.588 1.61518
329.638 4.72689
329.687 6.35798
329.736 1.95019
329.785 0.99246
329.835 2.07629
329.884 1.00065
329.933 3.27525
329.982 3.36807
330.031 7.63745
330.081 5.92690
330.130 1.67820
330.179 2.26352
330.228 3.85937
330.277 5.30702
330.326 1.92794
330.375 2.20774
330.425 2.83065
330.474 1.20396
330.523 1.11433
330.572 2.60980
330.621 5.21001
330.670 2.36695
330.719 0.48423
330.768 2.25872
330.817 6.02024
330.866 5.10651
330.915 5.44506
330.965 2.10984
331.014 4.91537
331.063 7.28651
331.112 4.36676
331.161 3.76310
331.210 0.72117
331.259 -0.07240
331.308 2.87847
331.357 1.89675
331.406 3.93882
331.455 2.62726
331.504 3.16183
331.552 6.33913
331.601 3.63090
331.650 0.96928
331.699 1.97198
331.748 1.53548
331.797 3.99486
331.846 3.74213
331.895 2.97268
331.944 2.85544
331.993 7.20500
332.042 4.18624
332.090 4.35154
332.139 3.15048
332.188 3.57554
332.237 3.64667
332.286 3.67714
332.335 1.37791
332.383 1.64436
332.432 1.44661
332.481 2.36515
332.530 5.25498
332.579 3.43984
332.627 4.37436
332.676 6.34130
332.725 7.96361
332.774 4.79205
332.822 7.14079
332.871 5.36641
332.920 8.27205
332.968 2.71612
333.017 1.69442
333.066 3.01079
333.114 3.64500
333.163 0.01088
333.212 1.38068
333.260 4.65222
333.309 6.55721
333.358 3.31588
333.406 0.91505
333.455 4.12784
333.504 2.88027
333.552 2.30822
333.601 1.67693
333.649 6.57502
333.698 4.79746
333.746 4.94467
333.795 4.07535
333.843 5.46926
333.892 1.63651
333.940 2.46504
333.989 1.95504
334.037 4.35076
334.086 3.94434
334.134 1.68075
334.183 1.23511
334.231 4.37753
334.280 1.15821
334.328 3.40673
334.377 3.59849
334.425 3.20919
334.473 1.22261
334.522 3.01102
334.570 2.81814
334.619 7.17620
334.667 4.64781
334.715 4.35446
334.764 3.03377
334.812 0.79934
334.860 4.07121
334.909 3.34850
334.957 6.77260
335.005 3.98290
335.053 4.18171
335.102 4.62886
335.150 3.23207
335.198 0.42112
335.246 0.60733
335.295 3.47127
335.343 3.52165
335.391 2.71748
335.439 3.65687
335.487 3.00632
335.536 3.48769
335.584 1.47546
335.632 4.30749
335.680 0.35782
335.728 2.97378
335.776 2.96451
335.824 0.84363
335.873 1.90084
335.921 2.33878
335.969 1.00250
336.017 2.91034
336.065 4.59162
336.113 3.13166
336.161 4.00071
336.209 6.07228
336.257 6.03295
336.305 3.46702
336.353 3.86611
336.401 2.76550
336.449 -0.22912
336.497 -1.18505
336.545 3.15346
336.592 2.66557
336.640 0.95259
336.688 2.35773
336.736 3.06575
336.784 2.63322
336.832 3.13070
336.880 4.22744
336.928 0.95654
336.975 -0.34233
337.023 3.80415
337.071 4.36156
337.119 1.47496
337.167 2.03089
337.214 4.21060
337.262 2.42378
337.310 2.82787
337.357 2.10350
337.405 2.91640
337.453 1.41081
337.501 1.68164
337.548 0.67135
337.596 2.98635
337.643 1.72380
337.691 0.59820
337.739 0.49779
337.786 2.40096
337.834 0.79282
337.882 1.62407
337.929 2.78679
337.977 2.34834
338.024 1.60722
338.072 1.74137
338.119 2.74902
338.167 2.89419
338.214 2.75330
338.262 3.55079
338.309 2.70603
338.357 4.17991
338.404 0.89229
338.451 5.52394
338.499 5.33552
338.546 2.99482
338.594 2.15967
338.641 2.85545
338.688 4.11699
338.736 5.58022
338.783 5.55769
338.830 4.70952
338.878 4.08325
338.925 1.92412
338.972 0.45163
339.019 2.87390
339.067 1.79380
339.114 2.67851
339.161 4.08880
339.208 3.44186
339.255 3.12110
339.303 -0.24862
339.350 9.25347
339.397 2.07281
339.444 2.16555
339.491 1.85336
339.538 7.04477
339.585 7.54747
339.632 1.24391
339.679 4.84260
339.726 2.82942
339.773 -0.46687
339.820 4.64064
339.867 -1.07006
339.914 3.80512
339.961 4.24480
340.008 6.87078
340.055 5.31896
340.102 -1.33868
340.149 14.01371
340.196 5.83225
340.243 5.82035
340.290 0.73294
340.337 9.14198
340.383 8.28891
340.430 2.25263
340.477 5.29255
340.524 6.47549
340.571 6.63938
340.617 0.00765
382.138 -4.72276
382.186 -2.28874
382.234 1.80444
382.282 0.58562
382.330 4.26777
382.378 1.23975
382.426 5.76040
382.474 2.78480
382.522 2.58955
382.570 5.62533
382.617 -3.32606
382.665 1.35083
382.713 -0.81201
382.761 -2.26150
382.809 -1.66103
382.857 -1.08463
382.905 1.41438
382.953 1.12735
383.001 -0.90419
383.049 0.44387
383.096 4.17419
383.144 8.08579
383.192 4.23650
383.240 4.43385
383.288 6.02404
383.336 2.94464
383.384 -0.60746
383.431 -0.84426
383.479 0.78203
383.527 2.40297
383.575 2.57979
383.623 5.13691
383.670 10.87862
383.718 4.66081
383.766 6.90751
383.814 6.19885
383.862 7.85680
383.909 2.24018
383.957 4.32227
384.005 6.00014
384.053 5.41851
384.101 5.28685
384.148 8.29224
384.196 10.37359
384.244 7.87342
384.292 10.74054
384.339 13.08016
384.387 13.07160
384.435 13.13511
384.483 13.14009
384.530 12.47212
384.578 12.59893
384.626 13.10754
384.673 12.48827
384.721 12.86105
384.769 12.81505
384.816 12.79258
384.864 12.53998
384.912 12.57557
384.960 13.00930
385.007 12.34477
385.055 12.22750
385.103 12.27460
385.150 11.93880
385.198 12.08520
385.246 12.02275
385.293 12.19425
385.341 12.46649
385.388 12.54656
385.436 12.06392
385.484 12.43991
385.531 12.45171
385.579 11.85689
385.627 12.16241
385.674 12.16743
385.722 11.83789
385.769 12.01643
385.817 11.77894
385.865 12.24517
385.912 12.02258
385.960 12.16733
386.007 11.91597
386.055 12.61463
386.102 11.98026
386.150 12.06330
386.198 12.37422
386.245 11.87710
386.293 11.90492
386.340 11.86176
386.388 12.05654
386.435 11.99485
386.483 11.73352
386.530 11.64013
386.578 11.90939
386.625 11.76825
386.673 12.11969
386.720 11.45557
386.768 12.18416
386.815 11.59808
386.863 12.06930
386.910 11.29579
386.958 11.58375
387.005 11.64469
387.053 11.58884
387.100 11.34992
387.148 11.67573
387.195 11.38148
387.243 12.14646
387.290 12.04102
387.337 11.29239
387.385 11.65191
387.432 11.65643
387.480 11.66607
387.527 11.56024
387.575 11.76242
387.622 11.52170
387.669 11.44179
387.717 11.99458
387.764 11.75636
387.812 11.39298
387.859 11.78653
387.906 11.58851
387.954 11.94955
388.001 11.32796
388.049 11.55399
388.096 11.82642
388.143 11.44892
388.191 11.34643
388.238 11.81544
388.285 11.25778
388.333 11.86627
388.380 11.72310
388.427 11.76995
388.475 11.80039
388.522 11.85770
388.569 11.14781
388.617 11.70887
388.664 11.94803
388.711 11.86746
388.758 11.36866
388.806 11.87234
388.853 11.55484
388.900 11.53236
388.948 11.77123
388.995 11.67606
389.042 11.88466
389.089 11.43787
389.137 11.77231
389.184 11.55602
389.231 11.46492
389.278 11.35411
389.326 12.04647
389.373 11.89269
389.420 11.64678
389.467 11.89759
389.514 11.42626
389.562 11.69804
389.609 11.68316
389.656 11.49741
389.703 11.54232
389.750 11.25491
389.798 11.79864
389.845 11.71346
389.892 11.90169
389.939 11.69253
389.986 11.64338
390.033 11.73167
390.081 12.02003
390.128 11.64264
390.175 11.49332
390.222 11.34000
390.269 11.82380
390.316 11.33744
390.363 11.14361
390.411 11.83129
390.458 11.56780
390.505 11.30022
390.552 11.48163
390.599 11.44328
390.646 11.21354
390.693 11.58939
390.740 11.56699
390.787 11.44597
390.834 10.99094
390.882 11.32238
390.929 11.65294
390.976 11.19420
391.023 11.46757
391.070 11.52761
391.117 11.45676
391.164 10.99984
391.211 11.66863
391.258 11.12649
391.305 11.29990
391.352 11.16284
391.399 11.14270
391.446 11.36350
391.493 11.68425
391.540 11.38489
391.587 11.68107
391.634 11.22598
391.681 10.99468
391.728 10.97545
391.775 11.12002
391.822 11.13040
391.869 11.27868
391.916 11.12104
391.963 11.15409
392.010 11.02245
392.057 10.98854
392.104 11.15509
392.151 11.24090
392.197 10.88141
392.244 11.25484
392.291 10.83743
392.338 10.97688
392.385 10.88609
392.432 10.88903
392.479 10.86349
392.526 10.71244
392.573 10.83404
392.620 11.39893
392.666 10.64622
392.713 10.69018
392.760 10.72067
392.807 10.70994
392.854 10.78890
392.901 10.62757
392.948 11.10104
392.994 10.46128
393.041 10.74561
393.088 10.32607
393.135 10.77917
393.182 10.26936
393.229 10.92176
393.275 10.59838
393.322 10.41189
393.369 10.66471
393.416 10.52834
393.463 10.63470
393.509 10.16798
393.556 10.20178
393.603 10.50156
393.650 10.17756
393.697 10.45834
393.743 10.03980
393.790 10.07868
393.837 10.07590
393.884 10.53454
393.930 10.05268
393.977 9.93904
394.024 10.04141
394.071 10.17945
394.117 9.83470
394.164 10.26131
394.211 10.16578
394.257 9.81076
394.304 9.76950
394.351 10.20515
394.397 9.62866
394.444 9.83503
394.491 9.78812
394.538 9.87009
394.584 9.76707
394.631 9.60776
394.678 10.08843
394.724 9.78240
394.771 9.56200
394.817 9.64770
394.864 9.42105
394.911 9.90806
394.957 9.52040
395.004 9.41582
395.051 9.35642
395.097 9.31207
395.144 9.26626
395.190 9.35359
395.237 9.42236
395.284 9.39826
395.330 9.28441
395.377 9.35615
395.423 9.16524
395.470 9.00904
395.517 9.37134
395.563 9.18970
395.610 9.32491
395.656 9.03187
395.703 9.35598
395.749 8.98357
395.796 9.24328
395.842 9.00861
395.889 8.90793
395.936 9.03704
395.982 8.82181
396.029 8.91100
396.075 8.91257
396.122 8.83575
396.168 8.55162
396.215 8.60500
396.261 8.86857
396.308 8.85827
396.354 8.87896
396.400 8.65149
396.447 8.87732
396.493 8.57145
396.540 8.67026
396.586 8.51734
396.633 8.77663
396.679 8.56878
396.726 8.66377
396.772 8.46292
396.819 8.31512
396.865 8.51425
396.911 8.48510
396.958 8.44342
397.004 8.21849
397.051 8.37026
397.097 8.35864
397.143 8.23988
397.190 8.33934
397.236 8.19844
397.283 8.44863
397.329 8.40251
397.375 8.16095
397.422 8.35301
397.468 8.23856
397.514 7.98567
397.561 8.08168
397.607 8.27448
397.653 7.98196
397.700 8.16964
397.746 8.02291
397.792 7.88594
397.839 7.93164
397.885 8.08507
397.931 7.75659
397.978 7.92198
398.024 8.10589
398.070 7.84986
398.116 7.75711
398.163 7.82427
398.209 7.71294
398.255 7.75111
398.301 7.63325
398.348 7.90330
398.394 7.71105
398.440 7.64647
398.487 7.64046
398.533 7.69639
398.579 7.56838
398.625 7.64153
398.671 7.34701
398.718 7.55471
398.764 7.65181
398.810 7.52882
398.856 7.53816
398.902 7.45739
398.949 7.55389
398.995 7.50419
399.041 7.45521
399.087 7.52861
399.133 7.47408
399.180 7.41369
399.226 7.45437
399.272 7.39490
399.318 7.32818
399.364 7.37628
399.410 7.43065
399.456 7.09087
399.503 7.41184
399.549 7.25987
399.595 7.22271
399.641 7.33240
399.687 7.25370
399.733 7.27876
399.779 7.18815
399.825 7.12841
399.871 7.21614
399.917 7.04505
399.964 7.16456
400.010 7.33452
400.056 7.17653
400.102 7.23818
400.148 7.21491
400.194 7.21293
400.240 7.15586
400.286 7.14877
400.332 7.10050
400.378 7.20516
400.424 7.19797
400.470 7.11557
400.516 7.20725
400.562 7.05110
400.608 7.06949
400.654 7.20672
400.700 7.11937
400.746 7.09462
400.792 7.00275
400.838 7.26756
400.884 7.06164
400.930 7.01762
400.976 7.06073
401.022 7.01427
401.068 7.03242
401.114 6.99870
401.160 6.98242
401.206 6.98812
401.252 7.05067
401.297 7.19832
401.343 6.87786
401.389 6.94786
401.435 7.00206
401.481 6.91371
401.527 7.01104
401.573 6.88944
401.619 6.94735
401.665 6.96984
401.711 7.01888
401.756 6.94038
401.802 6.81251
401.848 7.01921
401.894 7.04936
401.940 6.87783
401.986 6.97814
402.032 6.83997
402.077 6.90861
402.123 6.78492
402.169 6.82001
402.215 6.86929
402.261 7.11157
402.306 6.83653
402.352 7.00169
402.398 6.77936
402.444 6.76683
402.490 7.03219
402.535 6.89880
402.581 6.83749
402.627 6.79081
402.673 6.72278
402.719 6.91393
402.764 6.75128
402.810 6.87867
402.856 6.81807
402.902 6.99133
402.947 6.84259
402.993 6.74063
403.039 6.95271
403.084 6.88870
403.130 6.81018
403.176 6.95064
403.222 6.97258
403.267 6.78626
403.313 6.86577
403.359 6.94349
403.404 6.76034
403.450 6.68958
403.496 6.95321
403.541 6.87258
403.587 6.83967
403.633 6.94931
403.678 6.92780
403.724 6.80675
403.770 7.01840
403.815 6.77780
403.861 6.74601
403.907 6.95960
403.952 6.71551
403.998 7.00700
404.043 6.82661
404.089 6.75950
404.135 6.93296
404.180 6.76360
404.226 6.94385
404.271 6.85123
404.317 6.96373
404.362 6.73296
404.408 6.83844
404.454 6.88454
404.499 6.74657
404.545 6.90188
404.590 6.78523
404.636 6.84075
404.681 6.89506
404.727 6.85573
404.772 6.72888
404.818 6.91879
404.863 6.79308
404.909 6.92736
404.954 6.74130
405.000 6.98246
405.045 6.77529
405.091 7.06562
405.136 6.69455
405.182 6.96403
405.227 6.84619
405.273 6.82507
405.318 6.80466
405.364 6.86551
405.409 6.77222
405.455 6.94555
405.500 6.68789
405.546 7.03847
405.591 6.96381
405.636 6.72841
405.682 6.86183
405.727 6.60901
405.773 6.92183
405.818 6.96640
405.863 6.78602
405.909 7.04803
405.954 6.70403
406.000 6.87522
406.045 6.90397
406.090 6.80347
406.136 6.86546
406.181 6.96308
406.226 6.88145
406.272 6.94765
406.317 6.91630
406.362 6.78583
406.408 6.82742
406.453 6.87249
406.498 6.74475
406.544 6.86180
406.589 6.89660
406.634 6.80621
406.680 6.89856
406.725 6.82205
406.770 6.86680
406.815 6.75150
406.861 6.92155
406.906 7.00427
406.951 6.72552
406.997 6.96078
407.042 6.92335
407.087 6.95410
407.132 6.85232
407.178 6.82191
407.223 6.92087
407.268 6.88193
407.313 7.01914
407.358 6.78357
407.404 6.94163
407.449 6.97880
407.494 6.89938
407.539 6.85466
407.584 6.72891
407.630 6.88566
407.675 6.94106
407.720 6.91888
407.765 6.84529
407.810 6.82821
407.856 6.88227
407.901 6.95638
407.946 6.83500
407.991 6.95404
408.036 6.80866
408.081 6.90582
408.126 6.74449
408.172 6.91187
408.217 6.84509
408.262 6.91592
408.307 6.92104
408.352 6.74016
408.397 6.84501
408.442 6.86836
408.487 6.91864
408.532 6.81576
408.577 6.78088
408.622 6.72095
408.668 6.75920
408.713 6.78195
408.758 6.80087
408.803 6.78400
408.848 6.80488
408.893 6.74872
408.938 6.82082
408.983 6.75863
409.028 6.74596
409.073 6.71211
409.118 6.74998
409.163 6.77253
409.208 6.76569
409.253 6.79814
409.298 6.77949
409.343 6.66496
409.388 6.82888
409.433 6.65393
409.478 6.63806
409.523 6.67683
409.568 6.72743
409.613 6.66759
409.658 6.75910
409.702 6.66032
409.747 6.55967
409.792 6.60841
409.837 6.59845
409.882 6.52316
409.927 6.62835
409.972 6.55064
410.017 6.55719
410.062 6.60944
410.107 6.40726
410.152 6.52593
410.196 6.41129
410.241 6.44024
410.286 6.44659
410.331 6.35322
410.376 6.37651
410.421 6.33202
410.466 6.49952
410.510 6.31263
410.555 6.27081
410.600 6.30999
410.645 6.20982
410.690 6.35585
410.735 6.49466
410.779 6.23279
410.824 6.17317
410.869 6.23196
410.914 6.17084
410.959 6.36456
411.003 6.14030
411.048 6.24004
411.093 6.14123
411.138 6.32062
411.182 6.19087
411.227 6.05721
411.272 6.08742
411.317 6.29190
411.361 6.13306
411.406 6.06525
411.451 6.11699
411.496 6.19482
411.540 6.07204
411.585 6.01028
411.630 6.12246
411.674 6.04415
411.719 6.06496
411.764 5.96677
411.809 6.15487
411.853 5.95914
411.898 6.02950
411.943 6.11211
411.987 5.95429
412.032 5.91958
412.077 5.96749
412.121 5.96391
412.166 6.04053
412.210 5.83327
412.255 5.94031
412.300 5.95155
412.344 5.97463
412.389 5.80410
412.434 5.91504
412.478 5.85913
412.523 5.90940
412.567 5.77671
412.612 5.77667
412.657 5.90654
412.701 5.67595
412.746 5.88998
412.790 5.79680
412.835 5.90228
412.879 5.66185
412.924 5.83309
412.968 5.69958
413.013 5.69049
413.058 5.87489
413.102 5.66979
413.147 5.84793
413.191 5.68021
413.236 5.78564
413.280 5.74298
413.325 5.79100
413.369 5.64188
413.414 5.75851
413.458 5.63948
413.503 5.73546
413.547 5.72911
413.591 5.62954
413.636 5.70007
413.680 5.64232
413.725 5.63161
413.769 5.59482
413.814 5.70048
413.858 5.53838
413.903 5.67438
413.947 5.65088
413.991 5.49539
414.036 5.62781
414.080 5.54391
414.125 5.58678
414.169 5.69884
414.213 5.44308
414.258 5.62981
414.302 5.50127
414.347 5.60820
414.391 5.53433
414.435 5.42425
414.480 5.57150
414.524 5.56453
414.568 5.42369
414.613 5.51664
414.657 5.55209
414.701 5.40133
414.746 5.50684
414.790 5.61352
414.834 5.39627
414.879 5.56966
414.923 5.55446
414.967 5.40946
415.012 5.50243
415.056 5.53402
415.100 5.48224
415.144 5.35061
415.189 5.48158
415.233 5.46588
415.277 5.47751
415.321 5.30858
415.366 5.47799
415.410 5.42085
415.454 5.44460
415.498 5.32607
415.543 5.43617
415.587 5.38007
415.631 5.38476
415.675 5.44705
415.719 5.33833
415.764 5.39769
415.808 5.42779
415.852 5.42917
415.896 5.41286
415.940 5.29286
415.985 5.46006
416.029 5.42142
416.073 5.44384
416.117 5.43635
416.161 5.44994
416.205 5.40170
416.249 5.23119
416.294 5.33118
416.338 5.39493
416.382 5.36387
416.426 5.40749
416.470 5.39906
416.514 5.37663
416.558 5.32362
416.602 5.41626
416.646 5.35611
416.690 5.27203
416.735 5.38889
416.779 5.30743
416.823 5.38518
416.867 5.34916
416.911 5.33046
416.955 5.38177
416.999 5.36178
417.043 5.34937
417.087 5.31083
417.131 5.33313
417.175 5.30006
417.219 5.36332
417.263 5.37744
417.307 5.31458
417.351 5.38123
417.395 5.32461
417.439 5.32806
417.483 5.33780
417.527 5.37180
417.571 5.33217
417.615 5.38834
417.659 5.27815
417.703 5.41026
417.747 5.30137
417.791 5.29248
417.835 5.37707
417.879 5.32300
417.923 5.41764
417.966 5.33817
418.010 5.34682
418.054 5.34088
418.098 5.28365
418.142 5.31774
418.186 5.30167
418.230 5.34111
418.274 5.29723
418.318 5.49901
418.361 5.31324
418.405 5.39460
418.449 5.31696
418.493 5.36583
418.537 5.38599
418.581 5.32100
418.625 5.52150
418.668 5.34734
418.712 5.37671
418.756 5.29992
418.800 5.42142
418.844 5.49732
418.887 5.36853
418.931 5.41379
418.975 5.34231
419.019 5.36735
419.063 5.51480
419.106 5.35866
419.150 5.39943
419.194 5.37993
419.238 5.53091
419.281 5.37224
419.325 5.42781
419.369 5.36253
419.413 5.46659
419.456 5.36827
419.500 5.35831
419.544 5.34431
419.588 5.55994
419.631 5.41710
419.675 5.34930
419.719 5.51282
419.762 5.41687
419.806 5.45278
419.850 5.55619
419.893 5.38765
419.937 5.37459
419.981 5.50511
420.024 5.38953
420.068 5.42395
420.112 5.52069
420.155 5.47803
420.199 5.44454
420.243 5.56503
420.286 5.47241
420.330 5.43180
420.374 5.54032
420.417 5.41262
420.461 5.51774
420.504 5.34097
420.548 5.50788
420.591 5.47934
420.635 5.50178
420.679 5.54857
420.722 5.42169
420.766 5.64676
420.809 5.43048
420.853 5.59208
420.896 5.46318
420.940 5.48540
420.984 5.55047
421.027 5.52290
421.071 5.59971
421.114 5.46749
421.158 5.58848
421.201 5.49726
421.245 5.56890
421.288 5.48617
421.332 5.60331
421.375 5.41951
421.419 5.64349
421.462 5.56120
421.506 5.67428
421.549 5.57909
421.592 5.49194
421.636 5.75331
421.679 5.51863
421.723 5.67855
421.766 5.50015
421.810 5.68330
421.853 5.60723
421.896 5.46250
421.940 5.66221
421.983 5.51693
422.027 5.61028
422.070 5.63710
422.113 5.53643
422.157 5.64604
422.200 5.49504
422.244 5.72786
422.287 5.65739
422.330 5.56488
422.374 5.66748
422.417 5.69687
422.460 5.59525
422.504 5.70805
422.547 5.72243
422.590 5.55752
422.634 5.66228
422.677 5.69254
422.720 5.62414
422.764 5.71132
422.807 5.71582
422.850 5.55862
422.894 5.66238
422.937 5.71202
422.980 5.79571
423.023 5.54682
423.067 5.72123
423.110 5.67939
423.153 5.70750
423.196 5.59063
423.240 5.72733
423.283 5.75692
423.326 5.78789
423.369 5.66185
423.413 5.77602
423.456 5.75969
423.499 5.79834
423.542 5.77095
423.585 5.61007
423.629 5.73312
423.672 5.75714
423.715 5.78136
423.758 5.69177
423.801 5.58033
423.845 5.73927
423.888 5.73511
423.931 5.75587
423.974 5.75277
424.017 5.81639
424.060 5.72933
424.103 5.64367
424.147 5.75553
424.190 5.76972
424.233 5.75578
424.276 5.73334
424.319 5.76039
424.362 5.68482
424.405 5.74346
424.448 5.74793
424.491 5.80556
424.534 5.58214
424.578 5.82117
424.621 5.83563
424.664 5.77668
424.707 5.79635
424.750 5.78774
424.793 5.77492
424.836 5.75141
424.879 5.79680
424.922 5.76883
424.965 5.85295
425.008 5.79828
425.051 5.79950
425.094 5.80719
425.137 5.87663
425.180 5.76967
425.223 5.76656
425.266 5.84481
425.309 5.79155
425.352 5.78734
425.395 5.78642
425.438 5.71543
425.481 5.78882
425.524 5.76007
425.567 5.86082
425.610 5.93472
425.652 5.80330
425.695 5.75852
425.738 5.76928
425.781 5.82629
425.824 5.80698
425.867 5.80924
425.910 5.78578
425.953 5.78377
425.996 5.81815
426.039 5.91950
426.081 5.77563
426.124 5.80562
426.167 5.84454
426.210 5.78345
426.253 5.75925
426.296 5.80602
426.339 5.92367
426.381 5.80952
426.424 5.80854
426.467 5.81397
426.510 5.76211
426.553 5.90375
426.595 5.77610
426.638 5.73956
426.681 5.80281
426.724 5.81035
426.767 5.93573
426.809 5.86316
426.852 5.82024
426.895 5.77171
426.938 5.87618
426.980 5.77199
427.023 5.71404
427.066 5.73889
427.109 5.93557
427.151 5.81885
427.194 5.81045
427.237 5.77058
427.280 5.93492
427.322 5.76775
427.365 5.74093
427.408 5.89255
427.450 5.74017
427.493 5.81223
427.536 5.88454
427.578 5.76021
427.621 5.73662
427.664 5.91565
427.706 5.75647
427.749 5.78352
427.792 5.94272
427.834 5.74864
427.877 5.73847
427.920 5.86899
427.962 5.71538
428.005 5.83298
428.047 5.67345
428.090 5.82623
428.133 5.81195
428.175 5.73540
428.218 5.87310
428.260 5.75810
428.303 5.70947
428.346 5.89442
428.388 5.76673
428.431 5.91146
428.473 5.72620
428.516 5.85754
428.558 5.73458
428.601 5.81179
428.643 5.80659
428.686 5.73194
428.729 5.74708
428.771 5.71112
428.814 5.87713
428.856 5.70043
428.899 5.85265
428.941 5.68087
428.984 5.85093
429.026 5.66937
429.069 5.85328
429.111 5.85549
429.153 5.71642
429.196 5.80506
429.238 5.66336
429.281 5.83365
429.323 5.74504
429.366 5.81577
429.408 5.69646
429.451 5.86580
429.493 5.76348
429.535 5.69689
429.578 5.83673
429.620 5.68833
429.663 5.79691
429.705 5.77325
429.747 5.64591
429.790 5.84357
429.832 5.81957
429.874 5.69219
429.917 5.82386
429.959 5.64297
430.002 5.79328
430.044 5.80737
430.086 5.66569
430.129 5.85377
430.171 5.79295
430.213 5.72682
430.256 5.79530
430.298 5.78065
430.340 5.82539
430.382 5.66197
430.425 5.80977
430.467 5.75110
430.509 5.66728
430.552 5.80927
430.594 5.82235
430.636 5.78792
430.678 5.64583
430.721 5.75802
430.763 5.79530
430.805 5.71606
430.847 5.67143
430.890 5.81054
430.932 5.81069
430.974 5.77662
431.016 5.60377
431.059 5.75273
431.101 5.80836
431.143 5.77535
431.185 5.76002
431.227 5.74578
431.269 5.57789
431.312 5.75765
431.354 5.75881
431.396 5.73501
431.438 5.72953
431.480 5.80392
431.522 5.59018
431.565 5.70639
431.607 5.71131
431.649 5.72003
431.691 5.68543
431.733 5.73274
431.775 5.68029
431.817 5.66652
431.859 5.60368
431.902 5.71835
431.944 5.69602
431.986 5.65817
432.028 5.64647
432.070 5.62112
432.112 5.68938
432.154 5.69607
432.196 5.67127
432.238 5.66686
432.280 5.59790
432.322 5.61977
432.364 5.66289
432.406 5.61575
432.448 5.62591
432.490 5.65163
432.532 5.58145
432.574 5.61308
432.616 5.58997
432.658 5.60007
432.700 5.63361
432.742 5.58448
432.784 5.60082
432.826 5.53564
432.868 5.54117
432.910 5.60778
432.952 5.59374
432.994 5.57445
433.036 5.57380
433.078 5.59177
433.120 5.52792
433.162 5.49631
433.204 5.51808
433.246 5.64851
433.287 5.49458
433.329 5.58699
433.371 5.52175
433.413 5.57165
433.455 5.48971
433.497 5.54767
433.539 5.56100
433.581 5.55859
433.623 5.63697
433.664 5.52275
433.706 5.48205
433.748 5.45370
433.790 5.49534
433.832 5.52209
433.874 5.61863
433.915 5.53379
433.957 5.51858
433.999 5.49246
434.041 5.50546
434.083 5.62352
434.124 5.48063
434.166 5.53620
434.208 5.49130
434.250 5.47054
434.292 5.59483
434.333 5.56132
434.375 5.49745
434.417 5.47836
434.459 5.61742
434.500 5.47390
434.542 5.44837
434.584 5.42722
434.626 5.57000
434.667 5.45089
434.709 5.47527
434.751 5.61679
434.792 5.46999
434.834 5.39560
434.876 5.64860
434.917 5.42712
434.959 5.45948
435.001 5.60821
435.042 5.49083
435.084 5.47689
435.126 5.59463
435.167 5.49830
435.209 5.47936
435.251 5.61328
435.292 5.45758
435.334 5.46115
435.376 5.56357
435.417 5.39019
435.459 5.62228
435.500 5.42386
435.542 5.42170
435.584 5.57337
435.625 5.45321
435.667 5.57478
435.708 5.42771
435.750 5.60050
435.791 5.46579
435.833 5.47263
435.875 5.58874
435.916 5.47560
435.958 5.59936
435.999 5.42083
436.041 5.57818
436.082 5.41897
436.124 5.55969
436.165 5.45595
436.207 5.63551
436.248 5.48839
436.290 5.56001
436.331 5.42308
436.373 5.55728
436.414 5.52584
436.456 5.59010
436.497 5.42180
436.539 5.55925
436.580 5.52014
436.622 5.61116
436.663 5.57162
436.704 5.42960
436.746 5.61199
436.787 5.45670
436.829 5.58262
436.870 5.49954
436.912 5.55524
436.953 5.62499
436.994 5.47258
437.036 5.58150
437.077 5.40821
437.119 5.62430
437.160 5.62792
437.201 5.43366
437.243 5.61176
437.284 5.62532
437.325 5.47461
437.367 5.63001
437.408 5.54724
437.449 5.44323
437.491 5.61745
437.532 5.59950
437.573 5.49392
437.615 5.59100
437.656 5.61428
437.697 5.40371
437.739 5.62472
437.780 5.58385
437.821 5.58654
437.862 5.45781
437.904 5.60675
437.945 5.62844
437.986 5.61468
438.027 5.49008
438.069 5.59380
438.110 5.68202
438.151 5.69911
438.192 5.51693
438.234 5.55918
438.275 5.59185
438.316 5.64303
438.357 5.70190
438.398 5.49544
438.440 5.65867
438.481 5.71523
438.522 5.66079
438.563 5.67352
438.604 5.47736
438.646 5.64988
438.687 5.64427
438.728 5.62235
438.769 5.63324
438.810 5.66571
438.851 5.60757
438.892 5.49421
438.934 5.65559
438.975 5.69660
439.016 5.67340
439.057 5.68863
439.098 5.68631
439.139 5.67410
439.180 5.66767
439.221 5.64154
439.262 5.56810
439.304 5.66913
439.345 5.68591
439.386 5.70696
439.427 5.64757
439.468 5.67909
439.509 5.72856
439.550 5.69193
439.591 5.73989
439.632 5.69982
439.673 5.65869
439.714 5.68775
439.755 5.71041
439.796 5.68486
439.837 5.70750
439.878 5.70770
439.919 5.70539
439.960 5.72475
440.001 5.73083
440.042 5.71595
440.083 5.70115
440.124 5.68401
440.165 5.72153
440.206 5.72754
440.247 5.72185
440.288 5.72287
440.329 5.76082
440.370 5.86548
440.410 5.68954
440.451 5.73113
440.492 5.69652
440.533 5.74399
440.574 5.76011
440.615 5.70941
440.656 5.73701
440.697 5.76987
440.738 5.76668
440.779 5.81847
440.819 5.78559
440.860 5.68267
440.901 5.76731
440.942 5.78181
440.983 5.78703
441.024 5.93184
441.064 5.78225
441.105 5.81375
441.146 5.75154
441.187 5.80641
441.228 5.88713
441.268 5.76041
441.309 5.74807
441.350 5.78836
441.391 5.74757
441.432 5.91018
441.472 5.74956
441.513 5.75717
441.554 5.80175
441.595 5.90993
441.635 5.80711
441.676 5.77530
441.717 5.75218
441.758 5.95438
441.798 5.81863
441.839 5.76674
441.880 5.80118
441.921 5.95927
441.961 5.80482
442.002 5.77397
442.043 5.90994
442.083 5.77678
442.124 5.82220
442.165 5.95921
442.205 5.79636
442.246 5.80737
442.287 5.97779
442.327 5.79763
442.368 5.81617
442.409 5.97552
442.449 5.82062
442.490 5.79649
442.531 5.94324
442.571 5.77350
442.612 5.94606
442.652 5.89009
442.693 5.80963
442.734 5.99643
442.774 5.87323
442.815 5.96817
442.855 5.82021
442.896 5.98044
442.936 5.90016
442.977 5.89680
443.018 5.93552
443.058 5.83421
443.099 5.98013
443.139 5.81852
443.180 5.97610
443.220 5.88023
443.261 5.98235
443.301 5.85588
443.342 6.00845
443.382 5.86369
443.423 6.00254
443.463 5.80953
443.504 5.95398
443.544 5.90399
443.585 6.00126
443.625 5.89646
443.666 6.01095
443.706 5.82513
443.747 5.99308
443.787 5.99576
443.827 5.80069
443.868 6.01488
443.908 5.85150
443.949 5.97822
443.989 5.81762
444.030 5.99293
444.070 6.00931
444.110 5.82210
444.151 6.04405
444.191 5.90265
444.232 6.05372
444.272 6.00039
444.312 5.83832
444.353 6.04700
444.393 6.04883
444.433 5.88283
444.474 6.02652
444.514 6.00348
444.554 5.91345
444.595 5.99517
444.635 5.94216
444.675 5.82931
444.716 5.99118
444.756 6.03915
444.796 5.83867
444.837 5.95862
444.877 6.01109
444.917 5.99675
444.957 5.85968
444.998 6.04302
445.038 6.03110
445.078 5.99120
445.118 5.85504
445.159 6.07957
445.199 5.99150
445.239 6.05551
445.279 5.87110
445.320 6.01969
445.360 6.02742
445.400 6.06091
445.440 5.79460
445.481 6.06099
445.521 6.01157
445.561 5.99056
445.601 5.98310
445.641 5.97903
445.681 5.87272
445.722 6.03147
445.762 6.01119
445.802 6.04438
445.842 5.98280
445.882 5.98793
445.922 5.89882
445.963 6.03438
446.003 6.00159
446.043 6.01426
446.083 5.96338
446.123 6.04913
446.163 6.02713
446.203 6.03142
446.243 5.99955
446.283 5.83379
446.324 6.01389
446.364 6.00392
446.404 6.00231
446.444 6.00907
446.484 5.99748
446.524 6.01759
446.564 6.00264
446.604 6.02617
446.644 6.01279
446.684 6.00703
446.724 5.96734
446.764 5.99053
446.804 6.07379
446.844 6.01649
446.884 6.03327
446.924 6.00829
446.964 6.04689
447.004 6.00009
447.044 6.02511
447.084 5.98372
447.124 6.01608
447.164 6.01778
447.204 6.06656
447.244 6.01626
447.284 5.95459
447.324 6.02387
447.364 6.05156
447.404 5.98425
447.444 6.20252
447.483 5.95828
447.523 5.95428
447.563 5.99360
447.603 6.00684
447.643 5.94563
447.683 6.03683
447.723 6.00456
447.763 5.95231
447.803 6.12506
447.842 6.01220
447.882 6.00316
447.922 6.04050
447.962 6.03301
448.002 6.02974
448.042 6.04643
448.082 6.18783
448.121 6.00678
448.161 5.95391
448.201 5.96371
448.241 6.00042
448.281 6.20595
448.320 5.96632
448.360 6.06008
448.400 6.01125
448.440 5.99172
448.480 6.16045
448.519 5.97233
448.559 5.97242
448.599 6.00501
448.639 6.16738
448.678 5.99290
448.718 5.96059
448.758 6.01908
448.798 6.14503
448.837 6.01345
448.877 5.94083
448.917 6.17615
448.956 5.98840
448.996 6.04563
449.036 6.16788
449.075 6.00886
449.115 6.00643
449.155 6.15382
449.194 5.99516
449.234 5.95184
449.274 6.12422
449.313 6.04918
449.353 6.00832
449.393 6.09411
449.432 6.02305
449.472 5.95700
449.512 6.09433
449.551 5.93572
449.591 6.15020
449.630 5.98528
449.670 5.96290
449.710 6.16692
449.749 5.93132
449.789 6.14961
449.828 5.98387
449.868 6.00886
449.908 6.14484
449.947 6.00574
449.987 6.15478
450.026 5.98252
450.066 6.11881
450.105 6.00908
450.145 6.12465
450.184 6.01966
450.224 6.19647
450.263 5.95428
450.303 6.13055
450.342 5.98689
450.382 6.16097
450.421 5.96158
450.461 6.12012
450.500 5.98623
450.540 6.14222
450.579 6.01110
450.619 6.14148
450.658 5.97769
450.698 6.17439
450.737 6.00244
450.777 6.12946
450.816 6.11410
450.855 5.99853
450.895 6.13686
450.934 5.96930
450.974 6.17289
451.013 6.00266
451.053 6.21511
451.092 6.19104
451.131 5.95847
451.171 6.11373
451.210 6.18287
451.249 5.97275
451.289 6.11629
451.328 6.00207
451.368 6.17558
451.407 6.14465
451.446 6.02043
451.486 6.15524
451.525 6.06875
451.564 5.99588
451.604 6.17652
451.643 6.10148
451.682 5.96613
451.722 6.14810
451.761 6.14489
451.800 6.18720
451.839 5.99683
451.879 6.12890
451.918 6.13537
451.957 6.14342
451.996 6.00246
452.036 6.10903
452.075 6.15717
452.114 6.19217
452.153 5.97666
452.193 6.14596
452.232 6.12838
452.271 6.15325
452.310 5.98772
452.350 6.23485
452.389 6.13324
452.428 6.18077
452.467 6.20358
452.506 5.97765
452.546 6.11902
452.585 6.18891
452.624 6.18406
452.663 6.20442
452.702 6.17356
452.741 6.03659
452.781 6.20598
452.820 6.22974
452.859 6.16552
452.898 6.15909
452.937 6.19459
452.976 6.19378
453.015 6.18247
453.054 6.00438
453.094 6.14559
453.133 6.19214
453.172 6.19943
453.211 6.22873
453.250 6.18244
453.289 6.18485
453.328 6.22457
453.367 6.20260
453.406 6.22940
453.445 6.17684
453.484 6.19047
453.523 6.28197
453.562 6.22120
453.601 6.21307
453.640 6.17197
453.679 6.18401
453.718 6.27428
453.757 6.19604
453.796 6.26024
453.835 6.22510
453.874 6.17756
453.913 6.24458
453.952 6.20238
453.991 6.23231
454.030 6.27971
454.069 6.21928
454.108 6.29697
454.147 6.25494
454.186 6.23211
454.225 6.26389
454.264 6.29753
454.303 6.28923
454.342 6.25797
454.381 6.24737
454.420 6.25385
454.459 6.51678
454.497 6.20613
454.536 6.33617
454.575 6.26099
454.614 6.28222
454.653 6.31763
454.692 6.33246
454.731 6.28122
454.770 6.44393
454.808 6.30824
454.847 6.30076
454.886 6.30067
454.925 6.34284
454.964 6.28331
455.003 6.45953
455.041 6.34178
455.080 6.33836
455.119 6.31755
455.158 6.35647
455.197 6.51682
455.235 6.31571
455.274 6.31150
455.313 6.35945
455.352 6.31545
455.391 6.57840
455.429 6.35421
455.468 6.35993
455.507 6.35816
455.546 6.53823
455.584 6.30432
455.623 6.36370
455.662 6.39795
455.701 6.51564
455.739 6.38678
455.778 6.41449
455.817 6.58139
455.855 6.40917
455.894 6.42931
455.933 6.57585
455.971 6.37694
456.010 6.40028
456.049 6.59540
456.087 6.34262
456.126 6.37403
456.165 6.62460
456.203 6.47516
456.242 6.39455
456.281 6.58164
456.319 6.42958
456.358 6.43624
456.397 6.58985
456.435 6.44698
456.474 6.51783
456.512 6.47821
456.551 6.45080
456.590 6.62300
456.628 6.45985
456.667 6.53339
456.705 6.50057
456.744 6.60765
456.782 6.44061
456.821 6.51472
456.860 6.64900
456.898 6.45794
456.937 6.65567
456.975 6.50888
457.014 6.65887
457.052 6.50936
457.091 6.67079
457.129 6.52193
457.168 6.63898
457.206 6.53544
457.245 6.72947
457.283 6.52468
457.322 6.75510
457.360 6.51396
457.399 6.75194
457.437 6.60940
457.476 6.77041
457.514 6.67852
457.552 6.56752
457.591 6.79240
457.629 6.56017
457.668 6.78290
457.706 6.56845
457.745 6.76977
457.783 6.81122
457.821 6.55832
457.860 6.77360
457.898 6.61380
457.937 6.73825
457.975 6.71408
458.013 6.66988
458.052 6.72607
458.090 6.61704
458.129 6.81085
458.167 6.73787
458.205 6.65172
458.244 6.79925
458.282 6.83626
458.320 6.63592
458.359 6.81118
458.397 6.81913
458.435 6.67602
458.474 6.85326
458.512 6.86126
458.550 6.87294
458.588 6.68747
458.627 6.86224
458.665 6.84281
458.703 6.66355
458.742 6.87984
458.780 6.85754
458.818 6.94804
458.856 6.72148
458.895 6.84208
458.933 6.96969
458.971 6.95434
459.009 6.75016
459.048 6.88859
459.086 6.96180
459.124 6.91020
459.162 6.92938
459.200 6.77326
459.239 6.94551
459.277 6.85120
459.315 6.96177
459.353 6.92691
459.391 6.75355
459.430 6.91795
459.468 6.95577
459.506 6.94614
459.544 6.98706
459.582 7.04181
459.620 6.96198
459.658 6.77770
459.697 6.94084
459.735 6.98445
459.773 6.94577
459.811 6.99505
459.849 7.04214
459.887 6.90419
459.925 6.97060
459.963 6.97026
460.001 7.04548
460.039 6.84963
460.078 6.95711
460.116 7.02063
460.154 6.97510
460.192 6.98227
460.230 7.01762
460.268 7.02862
460.306 7.06925
460.344 7.05932
460.382 7.10412
460.420 7.02344
460.458 7.04675
460.496 7.09904
460.534 7.03464
460.572 7.05800
460.610 7.08634
460.648 7.09842
460.686 7.10287
460.724 7.02333
460.762 7.12138
460.800 7.14330
460.838 7.05725
460.876 7.11339
460.914 7.10622
460.952 7.18072
460.990 7.11026
461.028 7.29706
461.065 7.15012
461.103 7.17505
461.141 7.18641
461.179 7.11300
461.217 7.19438
461.255 7.15770
461.293 7.19639
461.331 7.17144
461.369 7.16707
461.407 7.41179
461.444 7.20644
461.482 7.20305
461.520 7.22824
461.558 7.27764
461.596 7.15960
461.634 7.23473
461.672 7.43594
461.709 7.19934
461.747 7.28620
461.785 7.25973
461.823 7.17254
461.861 7.43249
461.898 7.26224
461.936 7.27175
461.974 7.27326
462.012 7.22413
462.050 7.39972
462.087 7.26778
462.125 7.25536
462.163 7.28878
462.201 7.50486
462.238 7.22528
462.276 7.23758
462.314 7.27778
462.352 7.54213
462.389 7.27181
462.427 7.31531
462.465 7.23126
462.503 7.46785
462.540 7.37255
462.578 7.32433
462.616 7.54772
462.653 7.31123
462.691 7.33992
462.729 7.52117
462.766 7.33885
462.804 7.36469
462.842 7.56522
462.879 7.27825
462.917 7.30261
462.955 7.59287
462.992 7.39253
463.030 7.36344
463.068 7.65356
463.105 7.34818
463.143 7.60787
463.180 7.42251
463.218 7.41888
463.256 7.58513
463.293 7.43213
463.331 7.63343
463.368 7.39000
463.406 7.44996
463.444 7.64011
463.481 7.38523
463.519 7.64314
463.556 7.38718
463.594 7.61770
463.631 7.42177
463.669 7.63756
463.706 7.42984
463.744 7.61010
463.781 7.42563
463.819 7.44862
463.857 7.63879
463.894 7.46914
463.932 7.69168
463.969 7.45969
464.007 7.68829
464.044 7.69625
464.081 7.50142
464.119 7.72822
464.156 7.50015
464.194 7.70007
464.231 7.48127
464.269 7.70203
464.306 7.47279
464.344 7.62781
464.381 7.74842
464.418 7.51876
464.456 7.71487
464.493 7.57637
464.531 7.65308
464.568 7.56658
464.606 7.73692
464.643 7.78709
464.680 7.49873
464.718 7.76186
464.755 7.77746
464.792 7.57104
464.830 7.80109
464.867 7.57925
464.905 7.71668
464.942 7.80445
464.979 7.63898
465.017 7.71791
465.054 7.80782
465.091 7.53855
465.129 7.81407
465.166 7.67723
465.203 7.81487
465.240 7.56416
465.278 7.80801
465.315 7.81601
465.352 7.59481
465.390 7.87162
465.427 7.86431
465.464 7.80664
465.501 7.53141
465.539 7.81179
465.576 7.80454
465.613 7.82998
465.650 7.64349
465.688 7.81330
465.725 7.82781
465.762 7.85552
465.799 7.64597
465.837 7.87164
465.874 7.86764
465.911 7.84062
465.948 7.79650
465.985 7.61485
466.023 7.88117
466.060 7.94483
466.097 7.86759
466.134 7.85482
466.171 7.85845
466.208 7.62337
466.246 7.92755
466.283 7.94463
466.320 7.85006
466.357 7.88325
466.394 7.86171
466.431 7.85221
466.468 7.69076
466.506 7.90117
466.543 7.88940
466.580 7.89196
466.617 7.88682
466.654 7.84566
466.691 7.93385
466.728 8.04102
466.765 7.97016
466.802 7.91159
466.839 7.99889
466.876 7.97337
466.913 8.01079
466.950 7.97628
466.987 7.78198
467.025 7.97911
467.062 8.05969
467.099 8.02703
467.136 7.95890
467.173 8.04235
467.210 8.00425
467.247 7.98993
467.284 7.97353
467.321 8.09493
467.358 7.95963
467.395 8.01476
467.432 7.99036
467.469 8.29161
467.505 8.04504
467.542 8.06126
467.579 8.07975
467.616 8.04365
467.653 8.07006
467.690 7.99586
467.727 8.09231
467.764 8.04139
467.801 8.10203
467.838 8.11262
467.875 8.11059
467.912 8.03017
467.949 8.04059
467.986 8.34497
468.022 8.13120
468.059 8.07430
468.096 8.09617
468.133 8.10785
468.170 8.14610
468.207 8.03246
468.244 8.33158
468.280 8.12273
468.317 8.14367
468.354 8.21602
468.391 8.18124
468.428 8.17562
468.465 8.34137
468.501 8.10027
468.538 8.17290
468.575 8.10646
468.612 8.18848
468.649 8.37928
468.685 8.16114
468.722 8.13720
468.759 8.15008
468.796 8.14575
468.833 8.45575
468.869 8.24624
468.906 8.24177
468.943 8.22673
468.980 8.53931
469.016 8.20264
469.053 8.18893
469.090 0.07613
473.184 0.00000
473.411 0.00000
473.638 0.00000
473.865 0.00000
474.092 0.00000
474.319 0.00000
474.546 0.00000
474.773 0.00000
475.000 0.00000
475.227 0.00000
475.454 0.00000
475.681 0.00000
475.908 0.00000
476.135 0.00000
476.362 0.00000
476.588 0.00000
476.815 0.00000
477.042 0.00000
477.269 0.00000
477.496 0.00000
477.722 0.00000
477.949 0.00000
478.176 0.00000
478.402 0.00000
478.629 0.00000
478.856 0.00000
479.083 0.00000
479.309 0.00000
479.536 0.00000
479.762 0.00000
479.989 0.00000
480.216 0.00000
480.442 0.00000
480.669 0.00000
480.895 0.00000
481.122 0.00000
481.348 0.00000
481.575 0.00000
481.801 0.00000
482.028 0.00000
482.254 0.00000
482.480 0.00000
482.707 0.00000
482.933 0.00000
483.160 0.00000
483.386 0.00000
483.612 0.00000
483.839 0.00000
484.065 0.00000
484.291 0.00000
484.517 0.00000
484.744 0.00000
484.970 0.00000
485.196 0.00000
485.422 0.00000
485.648 0.00000
485.875 0.00000
486.101 0.00000
486.327 0.00000
486.553 0.00000
486.779 0.00000
487.005 0.00000
487.231 0.00000
487.457 0.00000
487.683 0.00000
487.909 0.00000
488.135 0.00000
488.361 0.00000
488.587 0.00000
488.813 0.00000
489.039 0.00000
489.265 0.00000
489.491 0.00000
489.717 0.00000
489.943 0.00000
490.169 0.00000
490.395 0.00000
490.620 0.00000
490.846 0.00000
491.072 0.00000
491.298 0.00000
491.524 0.00000
491.749 0.00000
491.975 0.00000
492.201 0.00000
492.427 0.00000
492.652 0.00000
492.878 0.00000
493.104 0.00000
493.329 0.00000
493.555 0.00000
493.780 0.00000
494.006 0.00000
494.232 0.00000
494.457 0.00000
494.683 0.00000
494.908 0.00000
495.134 0.00000
495.359 0.00000
495.585 0.00000
495.810 0.00000
496.036 0.00000
496.261 0.00000
496.487 0.00000
496.712 0.00000
496.937 0.00000
497.163 0.00000
497.388 0.00000
497.613 0.00000
497.839 0.00000
498.064 0.00000
498.289 0.00000
498.515 0.00000
498.740 0.00000
498.965 0.00000
499.190 0.00000
499.416 0.00000
499.641 0.00000
499.866 0.00000
500.091 0.00000
500.316 0.00000
500.541 0.00000
500.767 0.00000
500.992 0.00000
501.217 0.00000
501.442 0.00000
501.667 0.00000
501.892 0.00000
502.117 0.00000
502.342 0.00000
502.567 0.00000
502.792 0.00000
503.017 0.00000
503.242 0.00000
503.467 0.00000
503.692 0.00000
503.917 0.00000
504.141 0.00000
504.366 0.00000
504.591 0.00000
504.816 0.00000
505.041 0.00000
505.266 0.00000
505.490 0.00000
505.715 0.00000
505.940 0.00000
506.165 0.00000
506.389 0.00000
506.614 0.00000
506.839 0.00000
507.064 0.00000
507.288 0.00000
507.513 0.00000
507.737 0.00000
507.962 0.00000
508.187 0.00000
508.411 0.00000
508.636 0.00000
508.860 0.00000
509.085 0.00000
509.310 0.00000
509.534 0.00000
509.759 0.00000
509.983 0.00000
510.207 0.00000
510.432 0.00000
510.656 0.00000
510.881 0.00000
511.105 0.00000
511.330 0.00000
511.554 0.00000
511.778 0.00000
512.003 0.00000
512.227 0.00000
512.451 0.00000
512.676 0.00000
512.900 0.00000
513.124 0.00000
513.348 0.00000
513.573 0.00000
513.797 0.00000
514.021 0.00000
514.245 0.00000
514.469 0.00000
514.694 0.00000
514.918 0.00000
515.142 0.00000
515.366 0.00000
515.590 0.00000
515.814 0.00000
516.038 0.00000
516.262 0.00000
516.486 0.00000
516.710 0.00000
516.934 0.00000
517.158 0.00000
517.382 0.00000
517.606 0.00000
517.830 0.00000
518.054 0.00000
518.278 0.00000
518.502 0.00000
518.726 0.00000
518.950 0.00000
519.173 0.00000
519.397 0.00000
519.621 0.00000
519.845 0.00000
520.069 0.00000
520.292 0.00000
520.516 0.00000
520.740 0.00000
520.964 0.00000
521.187 0.00000
521.411 0.00000
521.635 0.00000
521.858 0.00000
522.082 0.00000
522.306 0.00000
522.529 0.00000
522.753 0.00000
522.977 0.00000
523.200 0.00000
523.424 0.00000
523.647 0.00000
523.871 0.00000
524.094 0.00000
524.318 0.00000
524.541 0.00000
524.765 0.00000
524.988 0.00000
525.212 0.00000
525.435 0.00000
525.658 0.00000
525.882 0.00000
526.105 0.00000
526.328 0.00000
526.552 0.00000
526.775 0.00000
526.998 0.00000
527.222 0.00000
527.445 0.00000
527.668 0.00000
527.892 0.00000
528.115 0.00000
528.338 0.00000
528.561 0.00000
528.784 0.00000
529.008 0.00000
529.231 0.00000
529.454 0.00000
529.677 0.00000
529.900 0.00000
530.123 0.00000
530.346 0.00000
530.569 0.00000
530.793 0.00000
531.016 0.00000
531.239 0.00000
531.462 0.00000
531.685 0.00000
531.908 0.00000
532.131 0.00000
532.354 0.00000
532.576 0.00000
532.799 0.00000
533.022 0.00000
533.245 0.00000
533.468 0.00000
533.691 0.00000
533.914 0.00000
534.137 0.00000
534.359 0.00000
534.582 0.00000
534.805 0.00000
535.028 0.00000
535.251 0.00000
535.473 0.00000
535.696 0.00000
535.919 0.00000
536.141 0.00000
536.364 0.00000
536.587 0.00000
536.809 0.00000
537.032 0.00000
537.255 0.00000
537.477 0.00000
537.700 0.00000
537.922 0.00000
538.145 0.00000
538.368 0.00000
538.590 0.00000
538.813 0.00000
539.035 0.00000
539.258 0.00000
539.480 0.00000
539.703 0.00000
539.925 0.00000
540.147 0.00000
540.370 0.00000
540.592 0.00000
540.815 0.00000
541.037 0.00000
541.259 0.00000
541.482 0.00000
541.704 0.00000
541.926 0.00000
542.149 0.00000
542.371 0.00000
542.593 0.00000
542.815 0.00000
543.038 0.00000
543.260 0.00000
543.482 0.00000
543.704 0.00000
543.926 0.00000
544.148 0.00000
544.371 0.00000
544.593 0.00000
544.815 0.00000
545.037 0.00000
545.259 0.00000
545.481 0.00000
545.703 0.00000
545.925 0.00000
546.147 0.00000
546.369 0.00000
546.591 0.00000
546.813 0.00000
547.035 0.00000
547.257 0.00000
547.479 0.00000
547.701 0.00000
547.923 0.00000
548.145 0.00000
548.367 0.00000
548.589 0.00000
548.810 0.00000
549.032 0.00000
549.254 0.00000
549.476 0.00000
549.698 0.00000
549.919 0.00000
550.141 0.00000
550.363 0.00000
550.585 0.00000
550.806 0.00000
551.028 0.00000
551.250 0.00000
551.471 0.00000
551.693 0.00000
551.915 0.00000
552.136 0.00000
552.358 0.00000
552.580 0.00000
552.801 0.00000
553.023 0.00000
553.244 0.00000
553.466 0.00000
553.687 0.00000
553.909 0.00000
554.130 0.00000
554.352 0.00000
554.573 0.00000
554.795 0.00000
555.016 0.00000
555.238 0.00000
555.459 0.00000
555.680 0.00000
555.902 0.00000
556.123 0.00000
556.344 0.00000
556.566 0.00000
556.787 0.00000
557.008 0.00000
557.230 0.00000
557.451 0.00000
557.672 0.00000
557.893 0.00000
558.115 0.00000
558.336 0.00000
558.557 0.00000
558.778 0.00000
558.999 0.00000
559.221 0.00000
559.442 0.00000
559.663 0.00000
559.884 0.00000
560.105 0.00000
560.326 0.00000
560.547 0.00000
560.768 0.00000
560.989 0.00000
561.210 0.00000
561.431 0.00000
561.652 0.00000
561.873 0.00000
562.094 0.00000
562.315 0.00000
562.536 0.00000
562.757 0.00000
562.978 0.00000
563.199 0.00000
563.420 0.00000
563.641 0.00000
563.861 0.00000
564.082 0.00000
564.303 0.00000
564.524 0.00000
564.745 0.00000
564.965 0.00000
565.186 0.00000
565.407 0.00000
565.628 0.00000
565.848 0.00000
566.069 0.00000
566.290 0.00000
566.510 0.00000
566.731 0.00000
566.952 0.00000
567.172 0.00000
567.393 0.00000
567.614 0.00000
567.834 0.00000
568.055 0.00000
568.275 0.00000
568.496 0.00000
568.716 0.00000
568.937 0.00000
569.157 0.00000
569.378 0.00000
569.598 0.00000
569.819 0.00000
570.039 0.00000
570.260 0.00000
570.480 0.00000
570.700 0.00000
570.921 0.00000
571.141 0.00000
571.361 0.00000
571.582 0.00000
571.802 0.00000
572.022 0.00000
572.243 0.00000
572.463 0.00000
572.683 0.00000
572.903 0.00000
573.124 0.00000
573.344 0.00000
573.564 0.00000
573.784 0.00000
574.005 0.00000
574.225 0.00000
574.445 0.00000
574.665 0.00000
574.885 0.00000
575.105 0.00000
575.325 0.00000
575.545 0.00000
575.765 0.00000
575.985 0.00000
576.205 0.00000
576.425 0.00000
576.645 0.00000
576.865 0.00000
577.085 0.00000
577.305 0.00000
577.525 0.00000
577.745 0.00000
577.965 0.00000
578.185 0.00000
578.405 0.00000
578.625 0.00000
578.845 0.00000
579.065 0.00000
579.284 0.00000
579.504 0.00000
579.724 0.00000
579.944 0.00000
580.164 0.00000
580.383 0.00000
580.603 0.00000
580.823 0.00000
581.042 0.00000
581.262 0.00000
581.482 0.00000
581.701 0.00000
581.921 0.00000
582.141 0.00000
582.360 0.00000
582.580 0.00000
582.800 0.00000
583.019 0.00000
583.239 0.00000
583.458 0.00000
583.678 0.00000
583.897 0.00000
584.117 0.00000
584.336 0.00000
584.556 0.00000
584.775 0.00000
584.995 0.00000
585.214 0.00000
585.434 0.00000
585.653 0.00000
585.872 0.00000
586.092 0.00000
586.311 0.00000
586.531 0.00000
586.750 0.00000
586.969 0.00000
587.188 0.00000
587.408 0.00000
587.627 0.00000
587.846 0.00000
588.066 0.00000
588.285 0.00000
588.504 0.00000
588.723 0.00000
588.942 0.00000
589.162 0.00000
589.381 0.00000
589.600 0.00000
589.819 0.00000
590.038 0.00000
590.257 0.00000
590.476 0.00000
590.695 0.00000
590.914 0.00000
591.134 0.00000
591.353 0.00000
591.572 0.00000
591.791 0.00000
592.010 0.00000
592.229 0.00000
592.448 0.00000
592.666 0.00000
592.885 0.00000
593.104 0.00000
593.323 0.00000
593.542 0.00000
593.761 0.00000
593.980 0.00000
594.199 0.00000
594.417 0.00000
594.636 0.00000
594.855 0.00000
595.074 0.00000
595.293 0.00000
595.511 0.00000
595.730 0.00000
595.949 0.00000
596.168 0.00000
596.386 0.00000
596.605 0.00000
596.824 0.00000
597.042 0.00000
597.261 0.00000
597.480 0.00000
597.698 0.00000
597.917 0.00000
598.135 0.00000
598.354 0.00000
598.573 0.00000
598.791 0.00000
599.010 0.00000
599.228 0.00000
599.447 0.00000
599.665 0.00000
599.884 0.00000
600.102 0.00000
600.320 0.00000
600.539 0.00000
600.757 0.00000
600.976 0.00000
601.194 0.00000
601.412 0.00000
601.631 0.00000
601.849 0.00000
602.068 0.00000
602.286 0.00000
602.504 0.00000
602.722 0.00000
602.941 0.00000
603.159 0.00000
603.377 0.00000
603.595 0.00000
603.814 0.00000
604.032 0.00000
604.250 0.00000
604.468 0.00000
604.686 0.00000
604.904 0.00000
605.123 0.00000
605.341 0.00000
605.559 0.00000
605.777 0.00000
605.995 0.00000
606.213 0.00000
606.431 0.00000
606.649 0.00000
606.867 0.00000
607.085 0.00000
607.303 0.00000
607.521 0.00000
607.739 0.00000
607.957 0.00000
608.175 0.00000
608.393 0.00000
608.611 0.00000
608.829 0.00000
609.046 0.00000
609.264 0.00000
609.482 0.00000
609.700 0.00000
609.918 0.00000
610.136 0.00000
610.353 0.00000
610.571 0.00000
610.789 0.00000
611.007 0.00000
611.224 0.00000
611.442 0.00000
611.660 0.00000
611.877 0.00000
612.095 0.00000
612.313 0.00000
612.530 0.00000
612.748 0.00000
612.966 0.00000
613.183 0.00000
613.401 0.00000
613.618 0.00000
613.836 0.00000
614.053 0.00000
614.271 0.00000
614.489 0.00000
614.706 0.00000
614.924 0.00000
615.141 0.00000
615.358 0.00000
615.576 0.00000
615.793 0.00000
616.011 0.00000
616.228 0.00000
616.445 0.00000
616.663 0.00000
616.880 0.00000
617.098 0.00000
617.315 0.00000
617.532 0.00000
617.749 0.00000
617.967 0.00000
618.184 0.00000
618.401 0.00000
618.619 0.00000
618.836 0.00000
619.053 0.00000
619.270 0.00000
619.487 0.00000
619.704 0.00000
619.922 0.00000
620.139 0.00000
620.356 0.00000
620.573 0.00000
620.790 0.00000
621.007 0.00000
621.224 0.00000
621.441 0.00000
621.658 0.00000
621.875 0.00000
622.092 0.00000
622.309 0.00000
622.526 0.00000
622.743 0.00000
622.960 0.00000
623.177 0.00000
623.394 0.00000
623.611 0.00000
623.828 0.00000
624.045 0.00000
624.262 0.00000
624.479 0.00000
624.695 0.00000
624.912 0.00000
625.129 0.00000
625.346 0.00000
625.563 0.00000
625.779 0.00000
625.996 0.00000
626.213 0.00000
626.430 0.00000
626.646 0.00000
626.863 0.00000
627.080 0.00000
627.296 0.00000
627.513 0.00000
627.730 0.00000
627.946 0.00000
628.163 0.00000
628.379 0.00000
628.596 0.00000
628.813 0.00000
629.029 0.00000
629.246 0.00000
629.462 0.00000
629.679 0.00000
629.895 0.00000
630.112 0.00000
630.328 0.00000
630.545 0.00000
630.761 0.00000
630.977 0.00000
631.194 0.00000
631.410 0.00000
631.627 0.00000
631.843 0.00000
632.059 0.00000
632.276 0.00000
632.492 0.00000
632.708 0.00000
632.925 0.00000
633.141 0.00000
633.357 0.00000
633.573 0.00000
633.790 0.00000
634.006 0.00000
634.222 0.00000
634.438 0.00000
634.654 0.00000
634.871 0.00000
635.087 0.00000
635.303 0.00000
635.519 0.00000
635.735 0.00000
635.951 0.00000
636.167 0.00000
636.383 0.00000
636.599 0.00000
636.815 0.00000
637.031 0.00000
637.247 0.00000
637.463 0.00000
637.679 0.00000
637.895 0.00000
638.111 0.00000
638.327 0.00000
638.543 0.00000
638.759 0.00000
638.975 0.00000
639.191 0.00000
639.407 0.00000
639.622 0.00000
639.838 0.00000
640.054 0.00000
640.270 0.00000
640.486 0.00000
640.702 0.00000
640.917 0.00000
641.133 0.00000
641.349 0.00000
641.564 0.00000
641.780 0.00000
641.996 0.00000
642.212 0.00000
642.427 0.00000
642.643 0.00000
642.858 0.00000
643.074 0.00000
643.290 0.00000
643.505 0.00000
643.721 0.00000
643.936 0.00000
644.152 0.00000
644.367 0.00000
644.583 0.00000
644.799 0.00000
645.014 0.00000
645.229 0.00000
645.445 0.00000
645.660 0.00000
645.876 0.00000
646.091 0.00000
646.307 0.00000
646.522 0.00000
646.737 0.00000
646.953 0.00000
647.168 0.00000
647.383 0.00000
647.599 0.00000
647.814 0.00000
648.029 0.00000
648.245 0.00000
648.460 0.00000
648.675 0.00000
648.890 0.00000
649.106 0.00000
649.321 0.00000
649.536 0.00000
649.751 0.00000
649.966 0.00000
650.181 0.00000
650.396 0.00000
650.612 0.00000
650.827 0.00000
651.042 0.00000
651.257 0.00000
651.472 0.00000
651.687 0.00000
651.902 0.00000
652.117 0.00000
652.332 0.00000
652.547 0.00000
652.762 0.00000
652.977 0.00000
653.192 0.00000
653.407 0.00000
653.622 0.00000
653.837 0.00000
654.051 0.00000
654.266 0.00000
654.481 0.00000
654.696 0.00000
654.911 0.00000
655.126 0.00000
655.340 0.00000
655.555 0.00000
655.770 0.00000
655.985 0.00000
656.199 0.00000
656.414 0.00000
656.629 0.00000
656.844 0.00000
657.058 0.00000
657.273 0.00000
657.488 0.00000
657.702 0.00000
657.917 0.00000
658.131 0.00000
658.346 0.00000
658.561 0.00000
658.775 0.00000
658.990 0.00000
659.204 0.00000
659.419 0.00000
659.633 0.00000
659.848 0.00000
660.062 0.00000
660.277 0.00000
660.491 0.00000
660.706 0.00000
660.920 0.00000
661.134 0.00000
661.349 0.00000
661.563 0.00000
661.777 0.00000
661.992 0.00000
662.206 0.00000
662.420 0.00000
662.635 0.00000
662.849 0.00000
663.063 0.00000
663.278 0.00000
663.492 0.00000
663.706 0.00000
663.920 0.00000
664.134 0.00000
664.349 0.00000
664.563 0.00000
664.777 0.00000
664.991 0.00000
665.205 0.00000
665.419 0.00000
665.633 0.00000
665.848 0.00000
666.062 0.00000
666.276 0.00000
666.490 0.00000
666.704 0.00000
666.918 0.00000
667.132 0.00000
667.346 0.00000
667.560 0.00000
667.774 0.00000
667.988 0.00000
668.201 0.00000
668.415 0.00000
668.629 0.00000
668.843 0.00000
669.057 0.00000
669.271 0.00000
669.485 0.00000
669.699 0.00000
669.912 0.00000
670.126 0.00000
670.340 0.00000
670.554 0.00000
670.767 0.00000
670.981 0.00000
671.195 0.00000
671.409 0.00000
671.622 0.00000
671.836 0.00000
672.050 0.00000
672.263 0.00000
672.477 0.00000
672.690 0.00000
672.904 0.00000
673.118 0.00000
673.331 0.00000
673.545 0.00000
673.758 0.00000
673.972 0.00000
674.185 0.00000
674.399 0.00000
674.612 0.00000
674.826 0.00000
675.039 0.00000
675.253 0.00000
675.466 0.00000
675.680 0.00000
675.893 0.00000
676.106 0.00000
676.320 0.00000
676.533 0.00000
676.746 0.00000
676.960 0.00000
677.173 0.00000
677.386 0.00000
677.600 0.00000
677.813 0.00000
678.026 0.00000
678.239 0.00000
678.453 0.00000
678.666 0.00000
678.879 0.00000
679.092 0.00000
679.305 0.00000
679.518 0.00000
679.732 0.00000
679.945 0.00000
680.158 0.00000
680.371 0.00000
680.584 0.00000
680.797 0.00000
681.010 0.00000
681.223 0.00000
681.436 0.00000
681.649 0.00000
681.862 0.00000
682.075 0.00000
682.288 0.00000
682.501 0.00000
682.714 0.00000
682.927 0.00000
683.140 0.00000
683.353 0.00000
683.565 0.00000
683.778 0.00000
683.991 0.00000
684.204 0.00000
684.417 0.00000
684.630 0.00000
684.842 0.00000
685.055 0.00000
685.268 0.00000
685.481 0.00000
685.693 0.00000
685.906 0.00000
686.119 0.00000
686.331 0.00000
686.544 0.00000
686.757 0.00000
686.969 0.00000
687.182 0.00000
687.394 0.00000
687.607 0.00000
687.820 0.00000
688.032 0.00000
688.245 0.00000
688.457 0.00000
688.670 0.00000
688.882 0.00000
689.095 0.00000
689.307 0.00000
689.520 0.00000
689.732 0.00000
689.944 0.00000
690.157 0.00000
690.369 0.00000
690.582 0.00000
690.794 0.00000
691.006 0.00000
691.219 0.00000
691.431 0.00000
691.643 0.00000
691.856 0.00000
692.068 0.00000
692.280 0.00000
692.492 0.00000
692.705 0.00000
692.917 0.00000
693.129 0.00000
693.341 0.00000
693.553 0.00000
693.765 0.00000
693.978 0.00000
694.190 0.00000
694.402 0.00000
694.614 0.00000
694.826 0.00000
695.038 0.00000
695.250 0.00000
695.462 0.00000
695.674 0.00000
695.886 0.00000
696.098 0.00000
696.310 0.00000
696.522 0.00000
696.734 0.00000
696.946 0.00000
697.158 0.00000
697.370 0.00000
697.582 0.00000
697.794 0.00000
698.005 0.00000
698.217 0.00000
698.429 0.00000
698.641 0.00000
698.853 0.00000
699.064 0.00000
699.276 0.00000
699.488 0.00000
699.700 0.00000
699.911 0.00000
700.123 0.00000
700.335 0.00000
700.546 0.00000
700.758 0.00000
700.970 0.00000
701.181 0.00000
701.393 0.00000
701.605 0.00000
701.816 0.00000
702.028 0.00000
702.239 0.00000
702.451 0.00000
702.662 0.00000
702.874 0.00000
703.085 0.00000
703.297 0.00000
703.508 0.00000
703.720 0.00000
703.931 0.00000
704.143 0.00000
704.354 0.00000
704.565 0.00000
704.777 0.00000
704.988 0.00000
705.199 0.00000
705.411 0.00000
705.622 0.00000
705.833 0.00000
706.045 0.00000
706.256 0.00000
706.467 0.00000
706.678 0.00000
706.890 0.00000
707.101 0.00000
707.312 0.00000
707.523 0.00000
707.734 0.00000
707.945 0.00000
708.157 0.00000
708.368 0.00000
708.579 0.00000
708.790 0.00000
709.001 0.00000
709.212 0.00000
709.423 0.00000
709.634 0.00000
709.845 0.00000
710.056 0.00000
710.267 0.00000
710.478 0.00000
710.689 0.00000
710.900 0.00000
711.111 0.00000
711.322 0.00000
711.533 0.00000
711.743 0.00000
711.954 0.00000
712.165 0.00000
712.376 0.00000
712.587 0.00000
712.797 0.00000
713.008 0.00000
713.219 0.00000
713.430 0.00000
713.641 0.00000
713.851 0.00000
714.062 0.00000
714.273 0.00000
714.483 0.00000
714.694 0.00000
714.905 0.00000
715.115 0.00000
715.326 0.00000
715.536 0.00000
715.747 0.00000
715.958 0.00000
716.168 0.00000
716.379 0.00000
716.589 0.00000
716.800 0.00000
717.010 0.00000
717.221 0.00000
717.431 0.00000
717.641 0.00000
717.852 0.00000
718.062 0.00000
718.273 0.00000
718.483 0.00000
718.693 0.00000
718.904 0.00000
719.114 0.00000
719.324 0.00000
719.535 0.00000
719.745 0.00000
719.955 0.00000
720.166 0.00000
720.376 0.00000
720.586 0.00000
720.796 0.00000
721.006 0.00000
721.217 0.00000
721.427 0.00000
721.637 0.00000
721.847 0.00000
722.057 0.00000
722.267 0.00000
722.477 0.00000
722.687 0.00000
722.897 0.00000
723.107 0.00000
723.318 0.00000
723.528 0.00000
723.737 0.00000
723.948 0.00000
724.157 0.00000
724.367 0.00000
724.577 0.00000
724.787 0.00000
724.997 0.00000
725.207 0.00000
725.417 0.00000
725.627 0.00000
725.837 0.00000
726.046 0.00000
726.256 0.00000
726.466 0.00000
726.676 0.00000
726.885 0.00000
727.095 0.00000
727.305 0.00000
727.515 0.00000
727.724 0.00000
727.934 0.00000
728.144 0.00000
728.353 0.00000
728.563 0.00000
728.773 0.00000
728.982 0.00000
729.192 0.00000
729.401 0.00000
729.611 0.00000
729.820 0.00000
730.030 0.00000
730.240 0.00000
730.449 0.00000
730.658 0.00000
730.868 0.00000
731.077 0.00000
731.287 0.00000
731.496 0.00000
731.706 0.00000
731.915 0.00000
732.124 0.00000
732.334 0.00000
732.543 0.00000
732.752 0.00000
732.962 0.00000
733.171 0.00000
733.380 0.00000
733.589 0.00000
733.799 0.00000
734.008 0.00000
734.217 0.00000
734.426 0.00000
734.635 0.00000
734.845 0.00000
735.054 0.00000
735.263 0.00000
735.472 0.00000
735.681 0.00000
735.890 0.00000
736.099 0.00000
736.308 0.00000
736.517 0.00000
736.726 0.00000
736.935 0.00000
737.144 0.00000
737.353 0.00000
737.562 0.00000
737.771 0.00000
737.980 0.00000
738.189 0.00000
738.398 0.00000
738.607 0.00000
738.816 0.00000
739.025 0.00000
739.233 0.00000
739.442 0.00000
739.651 0.00000
739.860 0.00000
740.069 0.00000
740.277 0.00000
740.486 0.00000
740.695 0.00000
740.903 0.00000
741.112 0.00000
741.321 0.00000
741.529 0.00000
741.738 0.00000
741.947 0.00000
742.155 0.00000
742.364 0.00000
742.572 0.00000
742.781 0.00000
742.990 0.00000
743.198 0.00000
743.407 0.00000
743.615 0.00000
743.824 0.00000
744.032 0.00000
744.240 0.00000
744.449 0.00000
744.657 0.00000
744.866 0.00000
745.074 0.00000
745.282 0.00000
745.491 0.00000
745.699 0.00000
745.907 0.00000
746.116 0.00000
746.324 0.00000
746.532 0.00000
746.741 0.00000
746.949 0.00000
747.157 0.00000
747.365 0.00000
747.573 0.00000
747.782 0.00000
747.990 0.00000
748.198 0.00000
748.406 0.00000
748.614 0.00000
748.822 0.00000
749.030 0.00000
749.238 0.00000
749.446 0.00000
749.654 0.00000
749.862 0.00000
750.070 0.00000
750.278 0.00000
750.486 0.00000
750.694 0.00000
750.902 0.00000
751.110 0.00000
751.318 0.00000
751.526 0.00000
751.734 0.00000
751.942 0.00000
752.149 0.00000
752.357 0.00000
752.565 0.00000
752.773 0.00000
752.981 0.00000
753.188 0.00000
753.396 0.00000
753.604 0.00000
753.811 0.00000
754.019 0.00000
754.227 0.00000
754.434 0.00000
754.642 0.00000
754.850 0.00000
755.057 0.00000
755.265 0.00000
755.472 0.00000
755.680 0.00000
755.888 0.00000
756.095 0.00000
756.303 0.00000
756.510 0.00000
756.718 0.00000
756.925 0.00000
757.132 0.00000
757.340 0.00000
757.547 0.00000
757.755 0.00000
757.962 0.00000
758.169 0.00000
758.377 0.00000
758.584 0.00000
758.791 0.00000
758.999 0.00000
759.206 0.00000
759.413 0.00000
759.620 0.00000
759.828 0.00000
760.035 0.00000
760.242 0.00000
760.449 0.00000
760.656 0.00000
760.863 0.00000
761.071 0.00000
761.278 0.00000
761.485 0.00000
761.692 0.00000
761.899 0.00000
762.106 0.00000
762.313 0.00000
762.520 0.00000
762.727 0.00000
762.934 0.00000
763.141 0.00000
763.348 0.00000
763.555 0.00000
763.762 0.00000
763.969 0.00000
764.175 0.00000
764.382 0.00000
764.589 0.00000
764.796 0.00000
765.003 0.00000
765.210 0.00000
765.416 0.00000
765.623 0.00000
765.830 0.00000
766.037 0.00000
766.243 0.00000
766.450 0.00000
766.657 0.00000
766.863 0.00000
767.070 0.00000
767.277 0.00000
767.483 0.00000
767.690 0.00000
767.896 0.00000
768.103 0.00000
768.310 0.00000
768.516 0.00000
768.723 0.00000
768.929 0.00000
769.135 0.00000
769.342 0.00000
769.548 0.00000
769.755 0.00000
769.961 0.00000
770.168 0.00000
770.374 0.00000
770.580 0.00000
770.787 0.00000
770.993 0.00000
771.199 0.00000
771.406 0.00000
771.612 0.00000
771.818 0.00000
772.024 0.00000
772.231 0.00000
772.437 0.00000
772.643 0.00000
772.849 0.00000
773.055 0.00000
773.261 0.00000
773.468 0.00000
773.674 0.00000
773.880 0.00000
774.086 0.00000
774.292 0.00000
774.498 0.00000
774.704 0.00000
774.910 0.00000
775.116 0.00000
775.322 0.00000
775.528 0.00000
775.734 0.00000
775.940 0.00000
776.146 0.00000
776.351 0.00000
776.557 0.00000
776.763 0.00000
776.969 0.00000
777.175 0.00000
777.381 0.00000
777.586 0.00000
777.792 0.00000
777.998 0.00000
778.204 0.00000
778.409 0.00000
778.615 0.00000
778.821 0.00000
779.026 0.00000
779.232 0.00000
779.438 0.00000
779.643 0.00000
779.849 0.00000
780.054 0.00000
780.260 0.00000
780.465 0.00000
780.671 0.00000
780.876 0.00000
781.082 0.00000
781.287 0.00000
781.493 0.00000
781.698 0.00000
781.904 0.00000
782.109 0.00000
782.314 0.00000
782.520 0.00000
782.725 0.00000
782.931 0.00000
783.136 0.00000
783.341 0.00000
783.546 0.00000
783.752 0.00000
783.957 0.00000
784.162 0.00000
784.367 0.00000
784.573 0.00000
784.778 0.00000
784.983 0.00000
785.188 0.00000
785.393 0.00000
785.598 0.00000
785.803 0.00000
786.008 0.00000
786.213 0.00000
786.418 0.00000
786.623 0.00000
786.828 0.00000
787.033 0.00000
787.238 0.00000
787.443 0.00000
787.648 0.00000
787.853 0.00000
788.058 0.00000
788.263 0.00000
788.468 0.00000
788.673 0.00000
788.878 0.00000
789.082 0.00000
789.287 0.00000
789.492 0.00000
789.697 0.00000
789.901 0.00000
790.106 0.00000
790.311 0.00000
790.516 0.00000
790.720 0.00000
790.925 0.00000
791.129 0.00000
791.334 0.00000
791.539 0.00000
791.743 0.00000
791.948 0.00000
792.152 0.00000
792.357 0.00000
792.561 0.00000
792.766 0.00000
792.970 0.00000
793.175 0.00000
793.379 0.00000
793.584 0.00000
793.788 0.00000
793.992 0.00000
794.197 0.00000
794.401 0.00000
794.605 0.00000
794.810 0.00000
795.014 0.00000
795.218 0.00000
795.423 0.00000
795.627 0.00000
795.831 0.00000
796.035 0.00000
796.240 0.00000
796.444 0.00000
796.648 0.00000
796.852 0.00000
797.056 0.00000
797.260 0.00000
797.464 0.00000
797.668 0.00000
797.872 0.00000
798.076 0.00000
798.280 0.00000
798.484 0.00000
798.688 0.00000
798.892 0.00000
799.096 0.00000
799.300 0.00000
799.504 0.00000
799.708 0.00000
799.912 0.00000
800.116 0.00000
800.320 0.00000
800.523 0.00000
800.727 0.00000
800.931 0.00000
801.135 0.00000
801.338 0.00000
801.542 0.00000
801.746 0.00000
801.949 0.00000
802.153 0.00000
802.357 0.00000
802.560 0.00000
802.764 0.00000
802.968 0.00000
803.171 0.00000
803.375 0.00000
803.578 0.00000
803.782 0.00000
803.985 0.00000
804.189 0.00000
804.392 0.00000
804.596 0.00000
804.799 0.00000
805.003 0.00000
805.206 0.00000
805.409 0.00000
805.613 0.00000
805.816 0.00000
806.019 0.00000
806.223 0.00000
806.426 0.00000
806.629 0.00000
806.833 0.00000
807.036 0.00000
807.239 0.00000
807.442 0.00000
807.645 0.00000
807.849 0.00000
808.052 0.00000
808.255 0.00000
808.458 0.00000
808.661 0.00000
808.864 0.00000
809.067 0.00000
809.270 0.00000
809.473 0.00000
809.676 0.00000
809.879 0.00000
810.082 0.00000
810.285 0.00000
810.488 0.00000
810.691 0.00000
810.894 0.00000
811.096 0.00000
811.299 0.00000
811.502 0.00000
811.705 0.00000
811.908 0.00000
812.111 0.00000
812.313 0.00000
812.516 0.00000
812.719 0.00000
812.921 0.00000
813.124 0.00000
813.327 0.00000
813.529 0.00000
813.732 0.00000
813.935 0.00000
814.137 0.00000
814.340 0.00000
814.542 0.00000
814.745 0.00000
814.947 0.00000
815.150 0.00000
815.352 0.00000
815.555 0.00000
815.757 0.00000
815.960 0.00000
816.162 0.00000
816.365 0.00000
816.567 0.00000
816.769 0.00000
816.971 0.00000
817.174 0.00000
817.376 0.00000
817.578 0.00000
817.781 0.00000
817.983 0.00000
818.185 0.00000
818.387 0.00000
818.589 0.00000
818.792 0.00000
818.994 0.00000
819.196 0.00000
819.398 0.00000
819.600 0.00000
819.802 0.00000
820.004 0.00000
820.206 0.00000
820.408 0.00000
820.610 0.00000
820.812 0.00000
821.014 0.00000
821.216 0.00000
821.418 0.00000
821.620 0.00000
821.822 0.00000
822.023 0.00000
822.225 0.00000
822.427 0.00000
822.629 0.00000
822.831 0.00000
823.033 0.00000
823.234 0.00000
823.436 0.00000
823.638 0.00000
823.839 0.00000
824.041 0.00000
824.243 0.00000
824.444 0.00000
824.646 0.00000
824.847 0.00000
825.049 0.00000
825.251 0.00000
825.452 0.00000
825.654 0.00000
825.855 0.00000
826.057 0.00000
826.258 0.00000
826.459 0.00000
826.661 0.00000
826.862 0.00000
827.064 0.00000
827.265 0.00000
827.466 0.00000
827.668 0.00000
827.869 0.00000
828.070 0.00000
828.272 0.00000
828.473 0.00000
828.674 0.00000
828.875 0.00000
829.076 0.00000
829.278 0.00000
829.479 0.00000
829.680 0.00000
829.881 0.00000
830.082 0.00000
830.283 0.00000
830.484 0.00000
830.685 0.00000
830.886 0.00000
831.087 0.00000
831.288 0.00000
831.489 0.00000
831.690 0.00000
831.891 0.00000
832.092 0.00000
832.293 0.00000
832.494 0.00000
832.694 0.00000
832.895 0.00000
833.096 0.00000
833.297 0.00000
833.498 0.00000
833.698 0.00000
833.899 0.00000
834.100 0.00000
834.300 0.00000
834.501 0.00000
834.702 0.00000
834.902 0.00000
835.103 0.00000
835.303 0.00000
835.504 0.00000
835.705 0.00000
835.905 0.00000
836.106 0.00000
836.306 0.00000
836.507 0.00000
836.707 0.00000
836.907 0.00000
837.108 0.00000
837.308 0.00000
837.509 0.00000
837.709 0.00000
837.909 0.00000
838.110 0.00000
838.310 0.00000
838.510 0.00000
838.710 0.00000
838.911 0.00000
839.111 0.00000
839.311 0.00000
839.511 0.00000
839.711 0.00000
839.911 0.00000
840.112 0.00000
840.312 0.00000
840.512 0.00000
840.712 0.00000
840.912 0.00000
841.112 0.00000
841.312 0.00000
841.512 0.00000
841.712 0.00000
841.912 0.00000
842.112 0.00000
842.311 0.00000
842.511 0.00000
842.711 0.00000
842.911 0.00000
843.111 0.00000
843.311 0.00000
843.510 0.00000
843.710 0.00000
843.910 0.00000
844.109 0.00000
844.309 0.00000
844.509 0.00000
844.708 0.00000
844.908 0.00000
845.108 0.00000
845.307 0.00000
845.507 0.00000
845.706 0.00000
845.906 0.00000
846.105 0.00000
846.305 0.00000
846.504 0.00000
846.704 0.00000
846.903 0.00000
847.103 0.00000
847.302 0.00000
847.501 0.00000
847.701 0.00000
847.900 0.00000
848.099 0.00000
848.299 0.00000
848.498 0.00000
848.697 0.00000
848.896 0.00000
849.096 0.00000
849.295 0.00000
849.494 0.00000
849.693 0.00000
849.892 0.00000
850.091 0.00000
850.290 0.00000
850.490 0.00000
850.689 0.00000
850.888 0.00000
851.087 0.00000
851.286 0.00000
851.484 0.00000
851.683 0.00000
851.882 0.00000
852.081 0.00000
852.280 0.00000
852.479 0.00000
852.678 0.00000
852.877 0.00000
853.075 0.00000
853.274 0.00000
853.473 0.00000
853.672 0.00000
853.870 0.00000
854.069 0.00000
854.268 0.00000
854.466 0.00000
854.665 0.00000
854.864 0.00000
855.062 0.00000
855.261 0.00000
855.459 0.00000
855.658 0.00000
855.856 0.00000
856.055 0.00000
856.253 0.00000
856.452 0.00000
856.650 0.00000
856.849 0.00000
857.047 0.00000
857.245 0.00000
857.444 0.00000
857.642 0.00000
857.840 0.00000
858.039 0.00000
858.237 0.00000
858.435 0.00000
858.633 0.00000
858.831 0.00000
859.030 0.00000
859.228 0.00000
859.426 0.00000
859.624 0.00000
859.822 0.00000
860.020 0.00000
860.218 0.00000
860.416 0.00000
860.614 0.00000
860.812 0.00000
861.010 0.00000
861.208 0.00000
861.406 0.00000
861.604 0.00000
861.802 0.00000
862.000 0.00000
862.198 0.00000
862.395 0.00000
862.593 0.00000
862.791 0.00000
862.989 0.00000
863.186 0.00000
863.384 0.00000
863.582 0.00000
863.779 0.00000
863.977 0.00000
864.175 0.00000
864.372 0.00000
864.570 0.00000
864.768 0.00000
864.965 0.00000
865.163 0.00000
865.360 0.00000
865.558 0.00000
865.755 0.00000
865.952 0.00000
866.150 0.00000
866.347 0.00000
866.545 0.00000
866.742 0.00000
866.939 0.00000
867.137 0.00000
867.334 0.00000
867.531 0.00000
867.728 0.00000
867.926 0.00000
868.123 0.00000
868.320 0.00000
868.517 0.00000
868.714 0.00000
868.911 0.00000
869.108 0.00000
869.306 0.00000
869.503 0.00000
869.700 0.00000
869.897 0.00000
870.094 0.00000
870.291 0.00000
870.488 0.00000
870.684 0.00000
870.881 0.00000
871.078 0.00000
871.275 0.00000
871.472 0.00000
871.669 0.00000
871.865 0.00000
872.062 0.00000
872.259 0.00000
872.456 0.00000
872.652 0.00000
872.849 0.00000
873.046 0.00000
873.242 0.00000
873.439 0.00000
873.636 0.00000
873.832 0.00000
874.029 0.00000
874.225 0.00000
874.422 0.00000
874.618 0.00000
874.815 0.00000
875.011 0.00000
875.208 0.00000
875.404 0.00000
875.600 0.00000
875.797 0.00000
875.993 0.00000
876.189 0.00000
876.386 0.00000
876.582 0.00000
876.778 0.00000
876.974 0.00000
877.171 0.00000
877.367 0.00000
877.563 0.00000
877.759 0.00000
877.955 0.00000
878.151 0.00000
878.347 0.00000
878.543 0.00000
878.739 0.00000
878.935 0.00000
879.131 0.00000
879.327 0.00000
879.523 0.00000
879.719 0.00000
879.915 0.00000
880.111 0.00000
880.307 0.00000
880.503 0.00000
880.698 0.00000
880.894 0.00000
881.090 0.00000
881.286 0.00000
881.481 0.00000
881.677 0.00000
881.873 0.00000
882.068 0.00000
882.264 0.00000
882.460 0.00000
882.655 0.00000
882.851 0.00000
883.046 0.00000
883.242 0.00000
883.437 0.00000
883.633 0.00000
883.828 0.00000
884.024 0.00000
884.219 0.00000
884.414 0.00000
884.610 0.00000
884.805 0.00000
885.000 0.00000
885.196 0.00000
885.391 0.00000
885.586 0.00000
885.781 0.00000
885.977 0.00000
886.172 0.00000
886.367 0.00000
886.562 0.00000
886.757 0.00000
886.952 0.00000
887.147 0.00000
887.342 0.00000
887.537 0.00000
887.732 0.00000
887.927 0.00000
888.122 0.00000
888.317 0.00000
888.512 0.00000
888.707 0.00000
888.902 0.00000
889.097 0.00000
889.292 0.00000
889.486 0.00000
889.681 0.00000
889.876 0.00000
890.071 0.00000
890.265 0.00000
890.460 0.00000
890.655 0.00000
890.849 0.00000
891.044 0.00000
891.239 0.00000
891.433 0.00000
891.628 0.00000
891.822 0.00000
892.017 0.00000
892.211 0.00000
892.406 0.00000
892.600 0.00000
892.794 0.00000
892.989 0.00000
893.183 0.00000
893.377 0.00000
893.572 0.00000
893.766 0.00000
893.960 0.00000
894.155 0.00000
894.349 0.00000
894.543 0.00000
894.737 0.00000
894.931 0.00000
895.125 0.00000
895.320 0.00000
895.514 0.00000
895.708 0.00000
895.902 0.00000
896.096 0.00000
896.290 0.00000
896.484 0.00000
896.678 0.00000
896.872 0.00000
897.065 0.00000
897.259 0.00000
897.453 0.00000
897.647 0.00000
897.841 0.00000
898.035 0.00000
898.228 0.00000
898.422 0.00000
898.616 0.00000
898.809 0.00000
899.003 0.00000
899.197 0.00000
899.390 0.00000
899.584 0.00000
899.777 0.00000
899.971 0.00000
900.165 0.00000
900.358 0.00000
900.552 0.00000
900.745 0.00000
900.938 0.00000
901.132 0.00000
901.325 0.00000
901.518 0.00000
901.712 0.00000
901.905 0.00000
902.098 0.00000
902.292 0.00000
902.485 0.00000
902.678 0.00000
902.871 0.00000
903.065 0.00000
903.258 0.00000
903.451 0.00000
903.644 0.00000
903.837 0.00000
904.030 0.00000
904.223 0.00000
904.416 0.00000
904.609 0.00000
904.802 0.00000
904.995 0.00000
905.188 0.00000
905.381 0.00000
905.573 0.00000
